1590
gen     nevals  avg             std     min             max
0       200     -6.71912        15.6451 -110.109        72.7505
1       200     -2.86694        34.9339 -46.0091        433.368
2       200     -3.93257        25.2232 -78.6273        213.532
3       200     -4.714          24.7725 -28.1769        306.091
4       200     -5.21276        13.2499 -80.1796        73.0332
5       200     -5.23472        23.5213 -60.4206        212.598
6       200     -4.01134        17.9564 -49.3302        139.358
7       200     -2.91293        22.2619 -58.7728        243.366
8       200     -4.17812        17.0931 -59.4009        132.675
9       200     -1.73452        19.1646 -50.7428        135.883
10      200     -1.57205        18.7697 -63.4844        107.546
11      200     4.42896         53.9995 -140.83         541.88
12      200     6.65491         41.6464 -54.301         360.972
13      200     8.92466         43.3333 -97.999         252.985
14      200     8.97127         53.384  -133.354        503.737
15      200     18.0506         62.0993 -88.9271        345.874
16      200     18.2417         68.552  -54.5225        775.35
17      200     27.2067         71.9069 -116.986        598.41
18      200     31.9146         72.1862 -123.681        481.432
19      200     42.8293         80.7452 -61.6241        444.816
20      200     39.2042         72.021  -74.2936        402.314
21      200     59.0836         105.076 -107.934        975.545
22      200     71.6419         130.457 -133.003        1059.62
23      200     88.1212         137.161 -97.7123        1053.77
24      200     81.3269         130.628 -98.3243        1073.41
25      200     117.004         123.573 -68.6846        612.582
26      200     117.66          144.315 -65.2674        964.592
27      200     127.24          183.264 -60.2553        1074.23
28      200     129.49          152.766 -46.0696        1051.19
29      200     130.448         140.812 -55.4758        1052.73
30      200     137.482         145.49  -40.8185        994.131
31      200     154.309         181.938 -61.9247        1027.68
32      200     173.093         178.529 -39.7442        1027.25
33      200     158.523         159.377 -40.0755        941.253
34      200     169.251         173.628 -22.9857        1064.15
35      200     172.254         155.833 -18.0811        1025.32
36      200     177.624         163.308 -75.9925        1076.64
37      200     200.206         169.604 -74.8796        1011.26
38      200     200.456         211.979 -54.2744        1085.6
39      200     231.52          231.719 -81.2199        1075.79
40      200     251.817         243.988 -41.4917        1145.54
41      200     228.885         218.871 -37.3458        1065.14
42      200     203.209         179.678 -31.1718        1050.37
43      200     209.786         208.523 -69.8681        1058.74
44      200     287.361         262.217 -58.9561        1073.22
45      200     212.858         231.689 -32.3188        1061.33
46      200     282.001         261.91  -42.3707        1062.93
47      200     297.669         291.558 -26.7632        1066.43
48      200     289.351         287.764 -45.0055        1088.27
49      200     303.184         301.582 -66.6386        1084.9
50      200     324.862         305.053 -41.2698        1097.66
51      200     326.884         303.42  -13.3647        1072.12
52      200     320.676         290.864 -26.4671        1070.5
53      200     343.187         317.76  -31.1129        1119.19
54      200     383.937         343.497 -25.7729        1063.94
55      200     370.662         340.771 -34.2075        1145.4
56      200     378.113         334.612 -23.2955        1067.07
57      200     461.139         358.394 -16.6998        1087.15
58      200     418.96          362.39  -30.2792        1097.52
59      200     382.404         337.242 -68.8637        1066.96
60      200     497.328         392.444 -26.9173        1101.3
61      200     465.896         376.26  -79.0895        1059.52
62      200     453.259         382.23  -17.6828        1078.18
63      200     461.567         385.576 -28.7617        1064.09
64      200     496.165         405.73  -52.8591        1206.26
65      200     516.769         386.254 -65.0207        1072.33
66      200     542.748         416.485 -36.0072        1073.62
67      200     503.302         403.78  -21.4811        1071.38
68      200     527.197         414.595 -59.9486        1205.71
69      200     537.347         410.052 -25.2864        1074.53
70      200     524.975         417.383 -51.3645        1161.72
71      200     548.542         409.823 -102.485        1325.78
72      200     516.349         419.153 -31.9737        1174.67
73      200     548.303         418.495 -26.6457        1073.46
74      200     551.478         410.922 19.9181         1083.39
75      200     525.049         420.765 -13.6732        1078.36
76      200     573.966         414.042 -20.8775        1085.85
77      200     606.662         410.824 -4.04566        1183.3
78      200     575.112         426.206 -19.2267        1148.82
79      200     595.337         419.621 -25.5729        1175.07
80      200     582.194         431.383 -18.1588        1194.77
81      200     652.464         413.861 -36.4298        1195.98
82      200     603.888         434.735 -20.2418        1390.45
83      200     568.505         429.33  -15.2708        1204.01
84      200     607.747         428.264 -78.3513        1147.34
85      200     597.138         436.625 -43.2516        1188.92
86      200     590.253         433.393 -31.6827        1191.8
87      200     561.083         433.598 -22.2649        1205.39
88      200     585.33          405.056 17.1427         1072.82
89      200     623.757         435.391 -35.4692        1201.94
90      200     640.84          420.104 -46.8384        1205.71
91      200     619.113         432.361 -20.4865        1168.35
92      200     580.195         432.941 -22.7276        1218.26
93      200     649.644         427.371 -13.0839        1194.04
94      200     531.596         426.861 -18.8453        1154.41
95      200     613.69          429.575 -28.5358        1200.03
96      200     572.819         452.363 -26.0553        1213.24
97      200     647.363         420.129 -22.0869        1240.64
98      200     665.344         412.531 -23.0208        1087.34
99      200     623.19          434.741 -18.0477        1116.58
100     200     590.182         437.21  -36.9415        1101.39
101     200     622.375         434.35  -18.4507        1142.07
102     200     576.074         437.972 -19.5552        1189.45
103     200     616.612         448.553 -96.1013        1188.05
104     200     618.425         447.599 -41.415         1090.95
105     200     629.081         445.219 -86.4802        1179.9
106     200     587.397         439.833 -22.5483        1099.64
107     200     644.744         433.825 -16.313         1215.98
108     200     678.475         424.908 -15.7988        1183.58
109     200     601.303         447.421 -34.2662        1185.59
110     200     631.596         444.597 -13.6865        1186.49
111     200     641.232         434.531 -21.1673        1162.2
112     200     655.985         434.858 -38.7923        1171.95
113     200     685.916         436.398 -143.63         1227
114     200     670.91          441.501 -21.5807        1201.68
115     200     701.678         428.077 -11.3535        1180.2
116     200     754.617         414.888 3.75792         1196.42
117     200     683.042         442.664 -32.3999        1117.5
118     200     672.196         436.456 -21.3409        1195.87
119     200     584.718         447.21  -19.9124        1185.18
120     200     633.129         459.777 -44.5802        1152.01
121     200     657.891         432.727 -16.5177        1099.48
122     200     643.39          446.959 -1.00281        1368.13
123     200     679.171         430.358 -19.3736        1182.3
124     200     700.96          428.026 -0.29788        1237.51
125     200     662.62          435.481 -19.9176        1144.7
126     200     633.313         426.13  -17.922         1166.26
127     200     679.626         433.797 -18.6317        1193.48
128     200     661.214         431.742 -17.6393        1208.21
129     200     688.346         410.447 -20.3931        1184.92
130     200     623.952         426.285 -16.2127        1197.46
131     200     697.82          427.771 -39.5982        1193
132     200     620.525         414.139 -20.9109        1198.48
133     200     669.438         431.229 -23.9281        1217.57
134     200     641.885         442.106 -19.1815        1240.2
135     200     672.49          445.651 -21.3329        1205.35
136     200     676.864         435.186 -8.62298        1189.01
137     200     708.905         423.818 -13.0508        1183.08
138     200     729.568         425.759 -63.3391        1381.71
139     200     769.137         401.852 -17.8985        1242.24
140     200     717.721         426.799 -23.7451        1199.16
141     200     694.005         420.002 -37.7878        1190.55
142     200     623.69          451.494 -25.3616        1187.19
143     200     676.051         418.318 -34.9531        1251.42
144     200     713.818         436.667 -14.9734        1225.64
145     200     666.444         436.665 -38.9473        1255.87
146     200     692.944         420.04  -34.5518        1555.84
147     200     635.165         440.381 -17.4824        1221.84
148     200     689.807         428.841 -33.6334        1221.99
149     200     765.991         414.14  -13.6177        1212.71
150     200     724.858         427.749 -18.8811        1451.74
151     200     722.784         418.471 -82.9249        1214.74
152     200     677.495         430.732 -30.5173        1362.13
153     200     663.686         445.284 -34.0102        1314.71
154     200     729.09          428.087 -21.0192        1369.11
155     200     767.595         411.373 -15.6782        1475.27
156     200     695.671         433.721 -8.3638         1245.79
157     200     651.886         430.794 -16.6012        1199.74
158     200     607.475         442.881 -20.8046        1337.02
159     200     740.289         443.664 -22.795         1528.62
160     200     684.525         445.557 -23.3415        1308.48
161     200     734.297         416.954 -15.2145        1338.37
162     200     660.193         435.357 -36.5115        1233.68
163     200     688.117         440.551 -21.5774        1250.32
164     200     666.941         459.536 -34.1133        1316.6
165     200     791.495         403.739 -20.7262        1254.64
166     200     705.182         437.384 -31.8181        1346.21
167     200     751.809         413.777 -19.611         1308.56
168     200     692.326         430.539 -19.7459        1326.28
169     200     745.916         429.224 -16.1253        1290.44
170     200     718.67          434.46  -61.1642        1292.66
171     200     658.982         455.678 -38.4295        1394.78
172     200     681.459         470.104 -19.8046        1368.73
173     200     737.935         434.564 0.718653        1544.2
174     200     695.603         441.788 2.39494         1483.7
175     200     714.233         447.753 -42.5293        1245.7
176     200     698.457         456.762 -19.1153        1399.55
177     200     772.238         447.445 -24.234         1566.58
178     200     709.264         466.213 -39.5868        1419.23
179     200     702.171         466.087 -33.2998        1363.89
180     200     701.285         465.039 -4.83945        1516.38
181     200     689.312         457.926 -50.6724        1226.41
182     200     671.579         481.41  -26.8103        1499.11
183     200     768.948         445.832 -32.1366        1661.45
184     200     715.397         465.371 -14.9481        1470.06
185     200     770.74          460.901 -15.5226        1387.71
186     200     765.376         455.397 -21.633         1381.88
187     200     763.385         444.811 -22.4583        1428.51
188     200     771.749         455.685 -30.3083        1356.42
189     200     805.291         457.164 -5.42537        1592.7
190     200     753.341         473.644 -10.2937        1428.23
191     200     716.037         470.463 -25.4913        1400.57
192     200     785.708         479.375 -22.275         1539.8
193     200     685.978         484.288 -15.7518        1469.55
194     200     814.091         444.897 -1.96672        1478.04
195     200     773.022         469.401 -16.3656        1585.78
196     200     765.104         471.935 -10.5475        1524.22
197     200     788.157         452.886 7.16645         1603.43
198     200     817.231         452.02  9.46393         1634.24
199     200     755.985         468.683 -24.4206        1479.19
200     200     759.939         460.864 4.13994         1689.51
201     200     809.648         443.41  2.64982         1411.91
202     200     837.015         450.934 5.4535          1578.07
203     200     777.023         464.598 -14.8125        1617.66
204     200     816.04          458.434 -11.5702        1552.62
205     200     882.245         438.487 11.0232         1568.29
206     200     862.986         436.565 -16.2941        1564.73
207     200     822.782         450.13  5.46637         1491.87
208     200     849.121         467.846 7.2505          1762.71
209     200     802.304         482.468 -24.7113        1865.59
210     200     827.958         477.026 15.8201         1748.1
211     200     834.901         463.438 0.0653435       1602.7
212     200     847.266         456.879 13.1742         1605.25
213     200     880.493         444.936 -1.48883        1663.05
214     200     899.972         453.615 -0.180273       1600.57
215     200     833.71          484.022 -14.9473        1685.91
216     200     891.656         477.916 4.59912         1787.46
217     200     834.996         493.321 2.03914         1651.83
218     200     885.049         452.966 9.85144         1881.55
219     200     868.944         478.893 -14.4784        1899.11
220     200     844.653         486.859 2.17589         1860.72
221     200     848.432         473.585 -18.5192        1808.8
222     200     864.428         482.47  -13.9006        1726.72
223     200     913.376         476.853 3.50873         1824.86
224     200     878.103         498.438 -38.4196        1817.55
225     200     855.286         538.167 -6.57776        1859.62
226     200     928.598         503.215 -1.24697        1792.65
227     200     934.431         505.963 -3.65091        1762.59
228     200     823.874         532.17  -7.48152        1715.22
229     200     943.653         521.067 -0.166699       1910.15
230     200     903.324         527.706 10.8115         2024.72
231     200     965.339         509.716 30.7521         2026.31
232     200     954.804         534.938 -32.7943        1963.55
233     200     765.496         535.8   -79.5146        1767.44
234     200     900.988         509.908 -13.7368        1836.36
235     200     867.59          525.77  1.63518         1859.67
236     200     906.39          521.47  -11.9576        1963.94
237     200     915.869         521.22  2.22099         1843.81
238     200     904.099         499.848 -26.9252        1832.51
239     200     920.145         531.954 -27.8232        1765.55
240     200     819.023         537.037 -44.7387        1996.25
241     200     874.894         524.986 6.4846          1922.97
242     200     951.756         475.565 -16.2185        1928.27
243     200     876.671         561.805 -9.04577        1954.28
244     200     827.117         560.693 -11.0247        1759.05
245     200     859.954         559.143 3.29419         2004.64
246     200     958.444         538.402 -13.175         2006.77
247     200     833.891         553.531 -11.5491        2065.95
248     200     910.209         537.681 -16.9633        2012.38
249     200     917.326         547.897 -16.7089        1889.85
250     200     968.353         511.426 -21.247         1972.45
251     200     919.852         530.291 1.27366         1886.88
252     200     859.718         550.781 1.07898         1803.94
253     200     924.986         529.322 -4.51832        2086.23
254     200     954.612         520.396 15.1542         2106.31
255     200     928.159         554.046 -7.58762        1934.29
256     200     867.014         537.206 -4.53108        1947.83
257     200     927.293         549.023 6.38742         2001.69
258     200     872.865         562.354 -1.60726        1971.4
259     200     957.632         546.949 28.4429         1975.61
260     200     887.139         590.76  6.80965         1957.5
261     200     787.605         591.842 3.1571          1983.63
262     200     950.783         574.943 -5.84549        1993.01
263     200     833.036         577.699 -40.065         2017.74
264     200     901.586         551.915 11.6859         2117.23
265     200     928.194         561.401 1.2068          2280.89
266     200     893.505         581.764 2.35136         1895.4
267     200     884.573         572.964 1.75896         1989.68
268     200     944.047         555.112 16.2535         2072.99
269     200     897.71          562.27  -11.6875        1922.02
270     200     1013.44         542.419 -80.5799        1967.74
271     200     925.535         557.203 -28.008         2023.93
272     200     944.65          564.701 18.6258         1899.49
273     200     901.281         585.992 -34.3173        2001.94
274     200     978.33          552.12  3.4983          1997.73
275     200     954.451         571.52  13.3426         1970.36
276     200     877.713         583.252 -2.80996        2147.99
277     200     1006.39         586.459 -6.58484        2093.27
278     200     989.632         596.671 -21.4677        2098.07
279     200     1001.68         547.801 2.32133         1957.58
280     200     916.669         575.855 -41.5407        1952.53
281     200     1072.75         569.801 3.04129         1993.58
282     200     963.644         613.368 1.61973         2180.36
283     200     848.859         605.594 -22.9019        2031.88
284     200     989.266         604.462 -50.4446        2208.27
285     200     914.177         603.595 -0.14889        2147.95
286     200     1019.56         570.043 3.4872          2087.22
287     200     1017.41         570.582 -44.6768        2092.35
288     200     1030.63         566.715 2.97519         2067
289     200     958.593         598.525 -12.7799        2137.8
290     200     976.519         637.397 2.88996         2102.68
291     200     1000.82         589.96  -8.45358        2015.58
292     200     943.156         630.265 -35.682         2025.74
293     200     1012.51         570.367 0.770334        1985.48
294     200     1065.15         573.363 -46.4235        2120.32
295     200     997.505         595.867 -42.5419        2014.97
296     200     1026.71         610.235 -13.4265        2132.93
297     200     923.235         638.731 -40.676         2124.06
298     200     961.211         597.971 -3.15515        2068.99
299     200     1067.38         593.716 -19.8992        2021.36
300     200     987.3           612.756 -11.2067        2040.91
301     200     972.832         625.639 -7.48274        2024.11
302     200     1016.2          633.795 -10.5291        2034.99
303     200     990.516         629.896 2.18717         2186.15
304     200     986.537         639.989 -19.1456        2274.58
305     200     992.303         646.023 -74.2225        2063.27
306     200     925.364         647.237 -111.187        2146.2
307     200     956.564         651.327 -0.156371       2165.52
308     200     936.381         663.513 -137.615        2106.21
309     200     913.333         666.897 -5.8621         2143.76
310     200     860.419         672.525 -83.5037        2010.44
311     200     1026.3          627.379 -18.9243        2107.23
312     200     965.123         622.788 -53.808         2077.1
313     200     946.866         624.15  -29.89          2222.94
314     200     1000.74         584.675 4.25289         1979.24
315     200     999.443         611.765 -36.7094        2099.86
316     200     935.076         641.97  -96.1984        2075.22
317     200     1016.31         657.052 6.5867          2057.27
318     200     1029.97         603.933 4.88229         2042.19
319     200     1026.09         629.106 -11.8025        2034.93
320     200     1103.6          608.239 -16.0057        2273.36
321     200     1021.9          637.198 -89.3204        2101.3
322     200     1017.93         622.261 -31.3376        2135.14
323     200     982.08          611.288 -23.7446        1927.19
324     200     1029.02         613.192 -17.4632        2079.32
325     200     1019.1          633.374 -15.1483        2023.95
326     200     1119.79         593.564 -8.06014        2204.82
327     200     1082.09         640.906 -10.6003        2110.26
328     200     1077.23         608.757 -16.1069        2113.51
329     200     1046.52         613.361 -30.5978        2231.84
330     200     994.038         655.79  -61.0055        2173.02
331     200     1034.41         627.06  -20.4863        2025.09
332     200     990.98          622.307 -21.3097        2170.65
333     200     990.92          648.761 -6.23413        2251.4
334     200     1082.79         641.008 -52.9575        2216.13
335     200     1030.39         644.397 -34.9271        2149.23
336     200     1061.76         656.07  -4.87498        2165.39
337     200     1023.01         689.486 -16.9294        2228.46
338     200     843.439         649.651 -14.9019        2169
339     200     1126.3          664.152 -47.2612        2261.12
340     200     1034.4          656.134 -50.8173        2242.04
341     200     1006.14         656.759 -35.446         2425.77
342     200     1019.2          646.445 -29.7095        2153.91
343     200     1076.11         677.517 4.02017         2207.18
344     200     1065.9          652.279 -16.4425        2104.04
345     200     1142.75         626.411 14.653          2233
346     200     1004.7          651.927 -18.7693        2150.22
347     200     1056.56         654.763 9.95784         2164.35
348     200     1120.78         633.42  -6.98652        2066.41
349     200     981.967         643.212 -9.41381        2289.15
350     200     1218.41         627.872 -8.54262        2358.98
351     200     934.599         618.238 -7.15624        2269.82
352     200     1145.05         640.685 -43.7169        2208.9
353     200     1072.4          657.931 -7.13151        2218.4
354     200     1110.75         658.34  -28.9093        2311.09
355     200     1091.95         632.921 -20.2999        2071.6
356     200     1107.1          667.146 -84.8463        2304.86
357     200     1135.08         632.667 -14.4396        2283.65
358     200     1154.53         647.887 -47.917         2237.81
359     200     1093.84         658.708 -45.7572        2367.6
360     200     1097.53         650.47  -74.9878        2306.44
361     200     1022.38         669.4   -9.75161        2148.48
362     200     1098.99         676.311 -11.4931        2527.57
363     200     1064.31         679.349 -19.3163        2291.26
364     200     1141.06         642.898 -18.4594        2332.97
365     200     1059.83         645.77  -6.00839        2252.15
366     200     1094.64         672.159 -23.3863        2317.29
367     200     1097.96         598.061 8.36014         2086.6
368     200     1116.23         680.801 -45.5911        2292.99
369     200     1115.64         668.844 -79.1575        2254.14
370     200     1122.6          643.001 -11.5384        2279.78
371     200     1135.51         627.759 41.1799         2193.72
372     200     1014.5          627.397 46.9703         2152.18
373     200     1116.3          643.362 -10.1378        2218.39
374     200     1072.18         618.73  -60.7939        2244.85
375     200     1044.22         670.481 -33.444         2199.26
376     200     1111.3          647.823 -19.2715        2241.69
377     200     1098.5          664.887 -48.8027        2307.46
378     200     1162.03         654.678 19.414          2357.21
379     200     1065.48         693.468 -0.534413       2303.12
380     200     1045.46         708.132 -8.65879        2227
381     200     1154.25         668.021 -77.0643        2265.48
382     200     1097.18         699.741 -12.6363        2386.32
383     200     1080.59         682.975 -29.2928        2178.83
384     200     1147.56         608.883 3.72629         2284.27
385     200     1057.29         644.819 -5.61274        2169.38
386     200     1174            623.437 -8.05542        2262.57
387     200     1083.54         689.939 -44.6108        2666.14
388     200     1167.56         634.611 -11.3461        2222.32
389     200     1133.72         667.481 20.7809         2195.38
390     200     1152.18         667.712 -6.0369         2240.64
391     200     1156.58         662.502 -13.7571        2315.81
392     200     1148.39         670.676 8.80904         2163.15
393     200     1204.51         663.891 -17.8665        2231.48
394     200     1168.76         633.712 0.0391198       2454.01
395     200     1129.71         696.934 -16.7809        2260.46
396     200     1208.51         647.221 3.31504         2293.31
397     200     1238.77         684.104 -12.2298        2264.76
398     200     1023.64         695.539 -18.5461        2269.84
399     200     1170.02         650.805 -42.8611        2322.79
400     200     1153.78         681.869 -18.3763        2174.47
401     200     1120.58         684.074 -106.309        2276.56
402     200     1114.07         677.232 -2.40234        2219.73
403     200     1092.29         702.646 1.44026         2254.43
404     200     1172.77         722.36  -42.5908        2286.9
405     200     1251.74         668.059 9.66397         2387.51
406     200     1153.53         698.765 -52.3537        2312.89
407     200     1171.29         659.497 -10.7012        2305.7
408     200     1167.99         683.239 -46.4994        2221.38
409     200     1054.75         679.174 -6.6712         2276.1
410     200     1143.43         723.785 -86.4297        2408.95
411     200     1214.7          690.583 -23.9311        2220.53
412     200     1194.73         696.05  2.49038         2308.63
413     200     1156.78         702.591 -14.7526        2265.79
414     200     1110.34         726.952 12.0109         2266.75
415     200     1213.23         697.8   23.9443         2213.29
416     200     1127.46         691.674 -25.8643        2259.67
417     200     1209.87         695.505 -22.1629        2257.61
418     200     1127.31         704.897 20.3616         2203.25
419     200     1161.25         696.302 -5.59844        2270.2
420     200     1139.14         701.594 -43.2757        2284.11
421     200     1184.22         699.824 9.96098         2171.05
422     200     1283.12         685.787 7.87542         2237.43
423     200     1172.54         678.553 69.0639         2327.73
424     200     1207.76         692.957 15.1266         2379.52
425     200     1123.87         725.976 -109.898        2268.49
426     200     1176.97         732.529 -13.7641        2262.39
427     200     1213.42         724.961 -2.01485        2297.67
428     200     1075.58         719.87  17.0252         2329.07
429     200     1114.09         721.999 -25.8884        2279.22
430     200     1199.53         692.746 -28.0658        2319.6
431     200     1258.92         699.401 -5.65662        2290.88
432     200     1115.16         717.799 19.4005         2256.52
433     200     1154.05         719.917 -30.3507        2336.64
434     200     1149.51         706.621 22.2448         2335.58
435     200     1181.28         711.002 46.1407         2301.89
436     200     1163.8          706.092 -21.1154        2300.54
437     200     1191.74         695.612 -50.0677        2292.79
438     200     1273.53         685.666 13.7926         2323.55
439     200     1117.72         706.78  -26.3593        2316.86
440     200     1136.85         730.677 12.4657         2485.31
441     200     1172.8          717.968 -21.0579        2356.99
442     200     1238.64         738.244 -34.8124        2378.01
443     200     1113.29         767.886 -31.9605        2335.21
444     200     1223.18         745.971 3.48228         2331.86
445     200     1150.72         736.91  -29.5548        2308.39
446     200     1249.73         721.025 -92.851         2281.19
447     200     1218.18         698.313 22.8509         2267.52
448     200     1159.79         732.995 -14.0518        2351.55
449     200     1131.36         718.646 -16.4229        2291.49
450     200     1263.31         723.649 -3.25881        2463.64
451     200     1237.35         719.857 27.995          2331.58
452     200     1153.2          748.936 -23.9578        2317.7
453     200     1215.24         722.727 -71.8587        2321.03
454     200     1146.9          739.335 -40.9638        2352.04
455     200     1325.6          687.156 -18.3366        2491.08
456     200     1238.01         719.087 -100.878        2371.03
457     200     1201.49         703.877 4.22025         2330.58
458     200     1217.26         737.99  -52.6914        2298.13
459     200     1055.17         743.838 23.4944         2334.99
460     200     1249.95         741.95  13.6996         2348.25
461     200     1221.44         730.142 -33.8279        2321.04
462     200     1207.19         730.38  -7.23713        2347.57
463     200     1213.33         746.523 -32.2925        2312.91
464     200     1291.17         724.091 -38.3474        2377.2
465     200     1158.01         740.827 -11.5146        2456.32
466     200     1320.57         729.553 -6.76698        2352.83
467     200     1201.17         740.786 -16.4292        2423.5
468     200     1323.55         725.086 -38.9867        2478.23
469     200     1218.5          735.334 -6.78417        2329.77
470     200     1268.99         752.568 -36.1071        2344.54
471     200     1158.03         721.2   -24.6593        2355.98
472     200     1229.8          730.376 25.0727         2405.53
473     200     1192.7          755.714 7.31123         2370.63
474     200     1261.03         752.704 43.3072         2511.19
475     200     1185.68         749.373 -5.46782        2357.44
476     200     1255.68         761.823 2.99422         2563.84
477     200     1171.22         775.192 -12.0321        2352.75
478     200     1205.52         765.562 -17.1557        2429.69
479     200     1204.13         747.249 25.3829         2350.93
480     200     1161.66         758.424 -98.7031        2357.4
481     200     1267.01         717.931 -3.48311        2290.88
482     200     1226.24         729.181 13.8452         2408.32
483     200     1318.94         719.282 -33.941         2349.07
484     200     1253.34         717.226 3.54681         2394.57
485     200     1284.03         763.534 -60.6194        2416.2
486     200     1092.24         753.407 14.3822         2466.3
487     200     1322.62         752.319 38.6326         2409.32
488     200     1220.97         755.577 -32.3194        2520.38
489     200     1223.16         744.207 16.0886         2452.58
490     200     1168.9          771.414 17.8794         2500.5
491     200     1169.85         740.882 8.29954         2365.71
492     200     1188.8          772.192 -19.6227        2701.13
493     200     1188.2          714.181 -35.5152        2338.97
494     200     1149.67         744.135 36.6555         2387.01
495     200     1196.53         771.951 1.99603         2380.87
496     200     1225.21         720.393 16.0645         2426.27
497     200     1133.03         779.939 -17.9521        2372.46
498     200     1169.73         770.428 32.4587         2368.2
499     200     1260.62         710.015 -3.92773        2378.27
500     200     1266.41         709.476 -53.4465        2482.97
501     200     1316.8          723.525 31.3644         2429.08
502     200     1111.7          702.922 1.65511         2231.49
503     200     1263.95         735.587 -41.6084        2351.38
504     200     1115.01         773.476 22.4423         2485.73
505     200     1170.46         750.318 -7.91068        2329.92
506     200     1269.26         745.919 -7.29329        2413.71
507     200     1200.15         744.473 3.27745         2304.01
508     200     1117.92         729.571 33.4377         2265.78
509     200     1318.64         684.246 31.1912         2339.01
510     200     1274.64         699.223 4.12925         2314.96
511     200     1203.08         735.005 -9.85915        2343.32
512     200     1283.7          714.769 51.5962         2332.07
513     200     1384.61         737.867 -15.7355        2363.29
514     200     1189.41         764.067 -46.872         2517.34
515     200     1211.45         759.268 3.93309         2497.81
516     200     1246.77         760.413 -15.7046        2285.22
517     200     1390.65         712.602 6.76423         2413.13
518     200     1184.49         744.609 14.3016         2390.44
519     200     1285.42         776.251 -14.2747        2377.85
520     200     1280.6          749.451 15.1124         2374.47
521     200     1306.45         740.462 15.2069         2487.6
522     200     1210.63         795.007 19.6252         2442.16
523     200     1177.09         751.08  -6.85842        2323.9
524     200     1361.34         697.309 -6.17814        2348.19
525     200     1241.22         790.101 -1.53412        2650.71
526     200     1362.26         767.557 -13.5667        2424.1
527     200     1285.23         810.197 -11.1962        2482.54
528     200     1206.4          800.902 -25.0839        2379.52
529     200     1270.13         765.275 -28.6637        2467.39
530     200     1231.68         787.523 -34.3503        2468.74
531     200     1285.56         764.82  24.3451         2672.24
532     200     1284.45         766.901 33.2889         2525.9
533     200     1188.08         779.049 -19.4422        2392.43
534     200     1243.83         732.27  15.6725         2369.96
535     200     1209.22         754.479 -71.6409        2517.08
536     200     1254.33         739.961 -9.55253        2490.73
537     200     1299.76         714.698 -12.5504        2339.56
538     200     1331.59         759.499 -14.378         2514.78
539     200     1395.03         772.482 -51.1994        2652.88
540     200     1196.11         768.637 -10.0068        2329.81
541     200     1342.56         729.766 -68.7393        2458.48
542     200     1263.88         757.939 -99.2334        2330.33
543     200     1293.27         767.725 -45.7733        2329.21
544     200     1297.12         764.356 -7.80223        2386.09
545     200     1197.93         765.506 -20.5809        2383.04
546     200     1253.39         774.944 -18.9827        2431.08
547     200     1335.08         750.351 -12.9064        2431.03
548     200     1445.09         723.271 8.11058         2424.65
549     200     1301.37         759.028 15.801          2433.18
550     200     1266.33         783.357 42.1361         2415.82
551     200     1247.49         782.687 7.54102         2488.04
552     200     1348.91         738.868 11.75           2605.85
553     200     1209.72         784.328 23.3451         2457.78
554     200     1186            780.623 -20.7114        2497.65
555     200     1161.52         769.603 -15.9145        2401.86
556     200     1334.25         739.225 13.3334         2470.57
557     200     1261.62         774.864 -15.132         2417.94
558     200     1330.65         747.81  41.5253         2550.03
559     200     1255.67         777.06  9.56073         2423.8
560     200     1431.39         744.33  26.2758         2403.13
561     200     1285.87         794.818 -73.7682        2552.56
562     200     1413.69         738.876 19.7514         2349.46
563     200     1361.08         757.182 25.8131         2407.29
564     200     1281.02         786.47  -6.6503         2616.7
565     200     1267.86         788.884 -81.9483        2474.72
566     200     1371.27         773.771 5.37278         2379.5
567     200     1238.02         797.375 -23.2383        2445.3
568     200     1486.78         728.112 35.864          2528.31
569     200     1436.34         724.424 -69.0341        2452.58
570     200     1394.96         736.982 -12.3131        2442.17
571     200     1496.28         699.563 -55.4843        2570.58
572     200     1405.3          729.072 13.354          2476.19
573     200     1445.89         741.874 9.82686         2414.61
574     200     1343.14         739.396 -19.4189        2476.26
575     200     1310.53         760.361 -29.6456        2573.43
576     200     1344.97         756.627 54.1771         2470.44
577     200     1361.06         740.261 -64.3832        2490.39
578     200     1262.36         776.118 17.4244         2363.25
579     200     1365.14         798.564 -24.5708        2412.91
580     200     1374.3          820.969 -4.65677        2390.72
581     200     1418.28         741.589 -46.0696        2418.46
582     200     1341.9          790.385 6.39024         2320.44
583     200     1439.76         762.789 -2.12328        2399.41
584     200     1480.3          714.954 -65.2664        2388.71
585     200     1296.81         772.312 -55.8605        2382.2
586     200     1334.43         793.963 -20.1959        2530.98
587     200     1280.67         798.843 -13.6181        2476.29
588     200     1315.03         758.65  -11.1208        2509.96
589     200     1259.42         764.147 16.8585         2357.18
590     200     1330.79         736.141 41.2772         2518.49
591     200     1420.33         726.327 0.462198        2393.26
592     200     1435.04         750.378 8.34946         2626.42
593     200     1508.51         723.507 -11.6522        2450.61
594     200     1399.96         770.142 51.8117         2495.67
595     200     1348.52         770.671 -39.5008        2453.49
596     200     1346.72         745.001 -11.3362        2477.33
597     200     1402.06         767.64  -67.9014        2460.16
598     200     1376.34         792.534 -11.103         2453.77
599     200     1364.14         780.546 -10.8145        2496.4
600     200     1468.87         761.801 -1.119          2537.12
601     200     1356.5          805.543 1.61347         2509.81
602     200     1310.71         788.222 -4.70277        2564.73
603     200     1433.29         797.162 -67.3221        2441.51
604     200     1459.59         741.427 -11.0887        2521.67
605     200     1412.99         759.657 -4.30201        2571.92
606     200     1212.01         801.458 -43.8809        2466.12
607     200     1380.08         777.527 5.36478         2437.56
608     200     1357.16         765.47  -10.9153        2432.37
609     200     1351.8          792.624 55.4537         2589.13
610     200     1364.94         794.582 10.533          2460.89
611     200     1341.05         799.963 -48.8982        2356.77
612     200     1364.02         787.267 -62.5224        2604.08
613     200     1294.96         817.736 -68.3928        2428.59
614     200     1332.35         828.168 -0.754638       2427.43
615     200     1399.08         775.638 13.6669         2519.13
616     200     1311.92         784.538 8.85827         2390.12
617     200     1416.23         791.728 24.3854         2464.5
618     200     1475.36         747.763 68.5692         2472.5
619     200     1353.36         788.58  -0.00454487     2437.8
620     200     1426.82         793.394 24.8389         2530.87
621     200     1416.28         767.487 -4.59556        2414.27
622     200     1314.26         785.021 35.6079         2611.88
623     200     1314.35         794.082 -7.118          2432.97
624     200     1380.07         779.239 -93.8336        2599.94
625     200     1435.78         773.055 10.5601         2463.53
626     200     1460.19         770.731 -36.4187        2489.35
627     200     1541.51         768.311 -57.6951        2705.61
628     200     1334.55         799.91  19.9726         2448.79
629     200     1421            794.597 -0.344859       2537.08
630     200     1290.26         840.605 17.6336         2550.32
631     200     1387.49         822.681 -2.59105        2509.49
632     200     1309.76         849.654 -73.0295        2654.35
633     200     1387.79         800.951 -32.9934        2674.04
634     200     1351.11         776.975 4.02295         2467.22
635     200     1385.51         764.143 -20.5586        2438.39
636     200     1406.66         777.499 -9.64062        2604.32
637     200     1326.66         811.581 -7.10258        2467.75
638     200     1239.98         821.254 -14.7002        2441.06
639     200     1320.02         826.878 -28.5739        2490.28
640     200     1358.76         788.98  -45.365         2490.64
641     200     1352.18         799.678 -35.7266        2559.26
642     200     1365.38         789.721 -10.9529        2468.43
643     200     1346.02         809.083 -26.2356        2474.95
644     200     1352.94         819.338 14.0425         2602.4
645     200     1362.53         832.668 8.55892         2580.7
646     200     1381.61         807.569 -93.8333        2491.99
647     200     1405.73         786.742 -55.973         2504.5
648     200     1342.13         827.089 58.8613         2606.14
649     200     1355.67         799.432 -17.1994        2490.51
650     200     1359.06         831.126 -30.9963        2504.6
651     200     1444.58         786.827 26.2478         2516.54
652     200     1421.59         780.361 -43.2853        2610.88
653     200     1399.93         812.929 -76.67          2444.98
654     200     1422.86         818.695 24.5083         2553.28
655     200     1365.75         779.705 -55.1556        2440.84
656     200     1474.77         771.187 1.64378         2501.44
657     200     1440.15         760.146 -16.1045        2423.92
658     200     1355.57         772.846 25.2944         2433.15
659     200     1454.41         766.657 -2.33492        2448.34
660     200     1472.38         743.535 -9.5459         2534.79
661     200     1391.26         795.027 -5.11312        2452.76
662     200     1356.62         805.21  -5.2677         2340.47
663     200     1481.26         765.712 -30.4153        2659.89
664     200     1434.4          779.075 13.5626         2510.15
665     200     1354.97         798.622 25.7995         2548.94
666     200     1570.02         738.258 81.9782         2520.72
667     200     1250.68         855.15  -53.8689        2582.99
668     200     1303.44         827.725 -1.38456        2515.42
669     200     1444            806.882 -21.6787        2544.37
670     200     1318.27         823.27  49.8477         2474.24
671     200     1365.45         813.468 -52.0357        2492.16
672     200     1377.18         815.701 -42.7791        2526.9
673     200     1336.48         773.018 37.1287         2490.1
674     200     1517.7          699.021 90.169          2411.77
675     200     1348.18         789.679 -45.8316        2660.76
676     200     1403.37         754.145 50.3946         2457.02
677     200     1425.6          790.14  -7.31011        2596.39
678     200     1416.67         783.1   13.9205         2587.69
679     200     1408.88         806.745 103.263         2455.63
680     200     1268.99         789.62  -13.4035        2467.71
681     200     1422.68         745.162 52.9126         2544.06
682     200     1487.17         764.987 9.2837          2633.72
683     200     1414.07         792.003 37.7924         2588.84
684     200     1424.36         810.822 11.2308         2683.57
685     200     1410.7          775.001 68.1749         2471.47
686     200     1449.27         778.067 35.49           2606.69
687     200     1392.21         804.089 -18.4361        2519.93
688     200     1375.56         809.863 -21.9172        2533.35
689     200     1444.88         791.223 69.8357         2474.11
690     200     1412.47         772.544 33.0386         2528.11
691     200     1445.93         815.008 37.2617         2536.55
692     200     1432.33         783.445 4.82388         2523.34
693     200     1369.32         801.481 5.0311          2502.22
694     200     1326.42         802.57  13.9339         2616.4
695     200     1366.75         839.902 48.3558         2585.75
696     200     1233.03         842.137 -10.3451        2509.7
697     200     1360.25         814.514 2.77403         2503.96
698     200     1454.03         807.535 51.4647         2460.2
699     200     1456.41         785.869 -59.0509        2504.32
700     200     1290.15         839.238 -6.92925        2483.56
701     200     1417.48         780.516 70.2576         2510.31
702     200     1443.14         816.299 15.5668         2481.09
703     200     1285.6          844.929 1.49651         2517.24
704     200     1555.8          743.52  -26.3253        2480.61
705     200     1348.31         792.843 27.623          2440.65
706     200     1362.78         805.961 -43.1603        2552.67
707     200     1435.99         809.986 -7.27689        2574.82
708     200     1320.08         836.213 53.5431         2439.63
709     200     1487.79         744.592 -1.05963        2511.02
710     200     1536.86         802.172 16.9765         2511.03
711     200     1442.8          788.623 10.3308         2574.21
712     200     1432.54         823.929 61.0248         2494.49
713     200     1351.15         849.035 -7.94721        2471.07
714     200     1426.78         812.612 39.7305         2568.1
715     200     1396.83         811.769 14.2671         2432.33
716     200     1343.81         822.082 1.41943         2536.19
717     200     1515.73         748.259 30.6683         2505.74
718     200     1446.18         787.53  -7.6688         2678.53
719     200     1351.61         843.779 -78.1448        2621.08
720     200     1499.79         775.217 48.9057         2548.82
721     200     1359.48         819.57  65.1026         2508.12
722     200     1463.29         774.868 55.3752         2525.17
723     200     1473.28         779.031 92.4443         2555.91
724     200     1486.71         776.734 50.6879         2512.25
725     200     1385.78         866.645 -9.38956        2551.23
726     200     1476.01         793.613 -9.43169        2539.11
727     200     1462.2          760.852 99.5501         2633.52
728     200     1588.72         757.19  18.9389         2524.23
729     200     1487.98         802.998 -18.1104        2616.02
730     200     1456.75         815.646 14.1253         2767.11
731     200     1437.68         804.688 2.17691         2622.3
732     200     1520.46         792.282 44.3614         2578.1
733     200     1503.56         752.99  -85.6345        2599.32
734     200     1376.75         829.911 11.8974         2553.42
735     200     1525.6          779.313 -3.803          2485.88
736     200     1468.48         830.225 18.4091         2506.58
737     200     1436.19         788.701 13.4954         2468.95
738     200     1517.4          760.992 59.071          2551.1
739     200     1356.26         842.282 14.5035         2578.92
740     200     1561.72         817.849 68.8323         2707.64
741     200     1496.19         818.184 -32.7119        2550.99
742     200     1452.01         807.86  -10.516         2558.03
743     200     1609.76         746.968 25.8245         2505.33
744     200     1459.46         792.188 -14.7187        2526.43
745     200     1569.31         756.327 65.7815         2425.16
746     200     1492.58         806.037 20.8859         2516.56
747     200     1498.65         802.244 4.4674          2572.14
748     200     1409.68         814.884 -24.7893        2506.84
749     200     1410.37         814.075 19.1913         2550.09
750     200     1475            809.061 -35.8037        2581.6
751     200     1436.61         774.927 38.7142         2634.5
752     200     1492.67         767.094 113.189         2611.16
753     200     1307.14         848.267 16.8744         2486.13
754     200     1550.12         774.548 17.5939         2709.21
755     200     1383.7          808.93  113.058         2666.87
756     200     1429.55         831.913 24.3173         2496.95
757     200     1529.72         848.478 -42.9865        2571.15
758     200     1466.1          828.483 6.36189         2513.17
759     200     1456.36         786.778 -12.7513        2493.1
760     200     1425.07         845.839 -18.3864        2639.26
761     200     1387.28         834.034 -32.891         2601.09
762     200     1428.99         832.491 -38.0799        2690.46
763     200     1515.41         847.482 -157.754        2678.49
764     200     1396.71         865.438 -24.4128        2683.02
765     200     1463.53         849.55  3.77229         2547.29
766     200     1451.6          831.054 22.1797         2691.21
767     200     1430.42         826.423 -20.8598        2545.41
768     200     1496.5          832.834 19.918          2771.03
769     200     1570.26         831.377 -14.6994        2664.87
770     200     1363.66         847.558 -6.8132         2629.56
771     200     1334.95         845.387 -21.8976        2634.97
772     200     1525.48         786.496 17.5315         2637.1
773     200     1504.5          816.775 43.4304         2678.44
774     200     1375.87         855.137 -42.6959        2522.77
775     200     1530.06         845.929 45.2059         2696.83
776     200     1428.16         884.617 -46.6424        2769.15
777     200     1396.57         842.242 42.3509         2639.65
778     200     1498.35         809.759 17.7034         2558.96
779     200     1394.36         897.05  -8.18314        2557.55
780     200     1354.01         909.805 19.165          2593.48
781     200     1363.98         906.295 67.0005         2640.27
782     200     1375.03         886.87  -27.9887        2532.71
783     200     1487.51         862.835 4.71426         2609.56
784     200     1450.85         849.959 -12.6544        2742.71
785     200     1320.99         870.042 53.4987         2613.86
786     200     1339.99         894.07  34.5837         2595.68
787     200     1415.47         831.562 27.5557         2568.03
788     200     1465.14         887.536 -39.2183        2815.28
789     200     1256.48         891.83  -4.3392         2575.44
790     200     1432.66         901.603 -19.5009        2704.02
791     200     1429.54         897.893 -19.8298        2535.03
792     200     1473.7          840.716 49.9726         2556.77
793     200     1475.25         847.762 58.9309         2638.94
794     200     1450.49         850.729 24.8099         2532.39
795     200     1446.43         869.335 27.6161         2579.93
796     200     1581.67         806.414 78.3257         2543.12
797     200     1408.36         856.512 35.4824         2708.23
798     200     1486.4          855.019 23.182          2584.04
799     200     1440.92         873.268 20.7622         2641.37
800     200     1464.25         869.643 41.0145         2662.38
801     200     1351.58         874.665 40.2547         2563.33
802     200     1461.36         837     -7.85374        2676.99
803     200     1487.07         848.571 49.6649         2655.06
804     200     1514.74         844.502 82.29           2669.02
805     200     1470.56         833.611 41.6684         2609.42
806     200     1528.05         886.511 39.302          2594.83
807     200     1341.87         870.75  45.5657         2608.74
808     200     1466.6          850.023 51.4024         2704.55
809     200     1401.39         876.503 -21.8972        2597.59
810     200     1459.76         896.161 44.5777         2569.46
811     200     1346.8          914.953 -4.16376        2561.65
812     200     1523.78         875.941 5.75231         2680.45
813     200     1384.8          893.788 -17.3845        2613.73
814     200     1597.66         816.813 36.1039         2634.17
815     200     1389.89         929.178 7.04407         2562.72
816     200     1390.41         862.327 51.4678         2529.25
817     200     1415.46         849.191 1.61166         2556.02
818     200     1602.91         802.004 42.8587         2748.9
819     200     1492.85         873.364 35.3266         2588.36
820     200     1552.49         849.113 27.8036         2661.45
821     200     1460.78         842.468 74.5522         2604.42
822     200     1485.45         841.56  14.3799         2721.9
823     200     1556.88         832.002 16.8044         2626.39
824     200     1543.21         820.401 66.9769         2548.36
825     200     1581.15         820.464 22.7809         2584.54
826     200     1336.64         893.889 -63.261         2580.97
827     200     1435.73         900.322 18.4593         2623.82
828     200     1403.42         882.141 17.2592         2695.48
829     200     1560.62         861.049 -18.248         2693.55
830     200     1424.2          880.323 71.2525         2624.71
831     200     1365.03         912.191 27.9773         2693.33
832     200     1507.54         903.313 -4.05846        2632.98
833     200     1516.64         891.241 -24.5551        2586.13
834     200     1348.35         900.961 -16.2812        2648.95
835     200     1415.04         887.517 9.11065         2518.02
836     200     1571.95         813.031 26.8351         2671.11
837     200     1439.69         884.439 29.7542         2814.8
838     200     1371.97         907.147 6.73626         2550.96
839     200     1525.21         891.766 0.167742        2650.17
840     200     1373.56         904.951 8.36362         2570.01
841     200     1420.78         904.782 2.45966         2703.78
842     200     1512.2          875.957 2.81054         2633.33
843     200     1332.59         897.346 35.6786         2605.58
844     200     1535.42         894.595 30.9269         2688.08
845     200     1399.06         898.426 45.8588         2607.85
846     200     1472.52         895.099 20.4693         2571.01
847     200     1553.15         833.594 15.7332         2596.69
848     200     1500.78         884.513 26.0343         2642.07
849     200     1415.99         906.45  27.0019         2682.85
850     200     1553.84         874.701 3.47845         2742.21
851     200     1420.84         899.138 0.999992        2713.35
852     200     1569.17         858.131 2.60039         2592.68
853     200     1523.37         874.637 1.74509         2590.71
854     200     1468.07         926.28  8.39988         2633.42
855     200     1408.37         882.328 33.6041         2656.72
856     200     1493.28         874.866 -0.48993        2621.54
857     200     1518.23         883.916 11.3096         2677.18
858     200     1448.3          885.16  1.96459         2612.87
859     200     1532.49         862.626 25.7458         2686.16
860     200     1532.07         874.774 1.02249         2561.25
861     200     1530.39         903.558 3.40948         2610.28
862     200     1447.97         906.992 13.6075         2605.06
863     200     1400            909.642 21.5806         2603.05
864     200     1379.49         934.697 -15.9357        2671.07
865     200     1544.15         885.529 -0.657632       2617.3
866     200     1506.23         911.701 25.7689         2609.26
867     200     1620.25         814.744 38.2585         2650.93
868     200     1628.31         857.502 30.8923         2595.62
869     200     1579            854.532 -9.18674        2671.9
870     200     1487.98         886.291 22.1625         2655.84
871     200     1498.28         876.172 -16.8968        2680.71
872     200     1493.54         863.712 18.8793         2690.56
873     200     1517.16         885.118 52.1281         2684.02
874     200     1575.17         878.041 49.9421         2618.95
875     200     1436.54         900.828 -1.27932        2605.19
876     200     1503.89         901.582 -48.5027        2740.33
877     200     1657.37         825.043 20.6056         2684.94
878     200     1490.47         877.403 -4.89184        2581.06
879     200     1665.21         858.712 -32.5028        2678.77
880     200     1422.22         916.529 38.5898         2675.09
881     200     1569.2          843.143 54.9436         2657.04
882     200     1476.21         885.453 47.4095         2606.31
883     200     1522.66         870.659 24.2216         2599.92
884     200     1577.7          852.042 18.7602         2669.81
885     200     1627.81         843.045 15.85           2707.98
886     200     1619.77         861.132 36.0096         2630.76
887     200     1479.43         883.911 30.4007         2618.83
888     200     1511.37         915.76  5.82866         2631.53
889     200     1599.46         870.351 69.8303         2716.29
890     200     1452.34         899.241 33.8779         2659.26
891     200     1564.44         890.429 9.57171         2636.69
892     200     1553.18         874.358 47.3881         2853.43
893     200     1475.2          885.077 35.2425         2565.45
894     200     1475.41         909.073 24.4277         2738.76
895     200     1564.53         885.145 16.1209         2658.53
896     200     1480.24         888.141 85.2861         2655.31
897     200     1483.2          911.883 17.7627         2692.58
898     200     1449.08         895.427 37.0968         2664.49
899     200     1589.47         862.5   15.6684         2619.14
900     200     1520.97         869.383 71.4474         2725.48
901     200     1510.3          877.007 30.2972         2661.68
902     200     1520.24         896.215 38.7781         2716.18
903     200     1555.08         810.759 30.105          2636.07
904     200     1632.14         809.087 82.4847         2635.27
905     200     1502.58         836.673 33.5648         2610.83
906     200     1539.69         855.104 32.1952         2604.25
907     200     1650.92         840.057 40.1954         2656.19
908     200     1487.9          884.854 41.2654         2667.15
909     200     1555.92         852.148 56.6798         2592.35
910     200     1653.07         838.576 22.361          2576.11
911     200     1637.17         819.005 32.3486         2640.2
912     200     1609.97         836.059 53.832          2641.8
913     200     1591.53         833.347 73.8725         2661.75
914     200     1541.07         836.504 22.4816         2633.61
915     200     1618.91         844.238 34.3492         2695.84
916     200     1480.48         896.908 31.3656         2648.24
917     200     1613.48         855.247 60.7386         2650.32
918     200     1488.1          889.97  15.7225         2641.78
919     200     1625.28         836.438 -6.87933        2762.99
920     200     1426.15         913.728 25.3424         2588.1
921     200     1530.43         868.925 49.4061         2658.71
922     200     1573.21         836.697 12.3864         2609.7
923     200     1618.77         862.912 7.90594         2621.55
924     200     1578.2          840.687 75.3635         2641.79
925     200     1612.48         851.816 102.503         2684.65
926     200     1613.78         803.649 22.0381         2608.88
927     200     1681.59         789.669 103.054         2676.66
928     200     1595.47         832.847 6.63822         2635.32
929     200     1620.46         839.252 90.9368         2711.38
930     200     1733.45         756.353 35.1618         2633.47
931     200     1528.24         832.752 45.6444         2617.01
932     200     1579.93         883.752 59.798          2759.22
933     200     1579.84         854.429 55.7302         2599.34
934     200     1574.06         859.154 38.163          2667.78
935     200     1621.76         846.463 -15.9489        2645.66
936     200     1629.78         835.313 73.861          2673.21
937     200     1668.08         844.861 68.79           2709.34
938     200     1582.56         884.937 58.335          2653.66
939     200     1527.41         891.327 10.7102         2640.94
940     200     1661.38         827.523 57.3462         2695.75
941     200     1637.99         870.164 14.9664         2670.69
942     200     1528.15         897.792 60.2351         2653.92
943     200     1734.29         783.938 75.7542         2603.02
944     200     1685.9          850.804 23.4776         2743.48
945     200     1630.67         873.568 72.3495         2730.38
946     200     1603.98         866.078 5.89823         2698.82
947     200     1628.37         861.325 27.3394         2680.85
948     200     1666.61         826.855 69.1483         2626.04
949     200     1636.02         831.24  70.1074         2724.65
950     200     1531.93         861.057 47.4533         2704.92
951     200     1698.71         837.016 45.4192         2651.97
952     200     1626.07         879.791 54.6327         2658.87
953     200     1608            848.558 48.6881         2761.67
954     200     1681.51         821.558 -3.73523        2788.47
955     200     1629.59         864.717 12.4849         2617.77
956     200     1616.32         874.087 28.3789         2659.38
957     200     1659.34         850.12  67.6805         2657.55
958     200     1642.13         895.67  45.6033         2688.69
959     200     1550.83         928.164 15.9962         2677.14
960     200     1715.23         838.833 23.6656         2661.13
961     200     1698.13         813.663 81.6357         2666.69
962     200     1752.5          802.598 90.0582         2610.46
963     200     1661.07         854.703 71.8917         2687.98
964     200     1573.12         936.993 45.0701         2644.39
965     200     1630.05         885.318 29.6081         2698.67
966     200     1654.6          884.174 26.1822         2836.92
967     200     1577.26         903.324 66.9987         2716.08
968     200     1394.43         925.98  38.5297         2625.61
969     200     1545.93         897.413 40.6242         2572.26
970     200     1654.18         852.857 40.3162         2625.77
971     200     1693.07         850.019 71.833          2757.35
972     200     1675.99         837.831 45.7409         2819.78
973     200     1631.56         867.895 37.0711         2686.79
974     200     1640.97         858.404 35.9663         2694.91
975     200     1615.49         892.245 50.0354         2757.31
976     200     1712.98         827.537 81.404          2664.78
977     200     1669.49         875.249 76.6429         2742.45
978     200     1442.66         965.956 133.38          2759.66
979     200     1556.19         902.661 26.122          2794.24
980     200     1557.45         941.364 75.6829         2764.77
981     200     1612.1          904.533 63.0236         2767.14
982     200     1502.19         921.268 26.1768         2716.49
983     200     1589.88         888.784 71.105          2714.32
984     200     1533.43         908.694 107.328         2737.89
985     200     1555.77         930.46  5.81829         2756.82
986     200     1544.33         888.266 23.8482         2694.39
987     200     1681.53         889.12  115.309         2824.06
988     200     1511.11         956.722 109.025         2687.4
989     200     1464.4          952.386 -48.6445        2798.65
990     200     1681.72         883.517 42.8281         2660.83
991     200     1602.14         919.665 -55.4321        2741.01
992     200     1448.51         934.112 42.7472         2602.21
993     200     1529.34         945.708 95.0601         2703.35
994     200     1651.11         877.22  55.6779         2697.38
995     200     1724.54         851.926 105.977         2635.17
996     200     1640.95         881.541 46.6964         2615.43
997     200     1551.82         908.708 91.9534         2699.65
998     200     1554.97         947.803 81.0407         2723.11
999     200     1616.31         931.45  96.9014         2775.98
1000    200     1595.87         943.559 60.4233         2752.99
1001    200     1571.91         907.873 85.4206         2740.41
1002    200     1526.18         922.191 97.1119         2638.95
1003    200     1455.85         963.326 71.9165         2660.74
1004    200     1681.04         913.702 73.9683         2711.29
1005    200     1641.18         914.272 123.064         2680.33
1006    200     1681.64         874.419 23.1411         2876.26
1007    200     1526.87         923.366 103.475         2672.39
1008    200     1539.57         923.691 10.5333         2668.76
1009    200     1716.77         847.828 121.309         2672.78
1010    200     1626.5          907.093 30.9216         2733.65
1011    200     1500.69         925.737 33.2741         2672.74
1012    200     1728.94         880.676 47.2896         2733.89
1013    200     1532.67         915.139 27.5706         2726.99
1014    200     1727.26         837.871 33.7375         2759.5
1015    200     1718.79         876.958 118.285         2772.33
1016    200     1541.38         936.09  115.519         2653.61
1017    200     1584.57         943.551 61.7864         2698.22
1018    200     1708.02         887.42  133.889         2871.75
1019    200     1659.03         895.544 67.6153         2737.46
1020    200     1637.97         905.462 32.6788         2765.09
1021    200     1595.63         959.863 86.3866         2834.32
1022    200     1373.91         974.375 30.336          2740.3
1023    200     1596.01         910.546 84.8418         2736.17
1024    200     1634.83         853.766 28.5337         2682.65
1025    200     1756.07         815.813 68.3549         2713.62
1026    200     1682.76         835.885 29.9474         2641.35
1027    200     1627.06         873.447 68.4976         2646.78
1028    200     1591.26         917.548 26.5502         2752.61
1029    200     1579.31         919.517 28.2738         2732.36
1030    200     1619.99         916.559 46.4835         2657.44
1031    200     1480.52         943.203 25.9849         2711.91
1032    200     1548.41         914.702 51.7885         2592.13
1033    200     1533.56         917.819 2.11211         2675.6
1034    200     1720.01         889.93  29.767          2764.3
1035    200     1654.31         887.463 19.585          2610.21
1036    200     1683.39         878.057 3.27922         2647.32
1037    200     1565.59         907.739 11.5666         2695.32
1038    200     1641.37         892.281 71.1254         2657.6
1039    200     1614.63         949.359 -64.2889        2689.56
1040    200     1553.33         942.269 14.3648         2807.51
1041    200     1652.82         930.795 -10.2333        2726.57
1042    200     1551.77         963.8   -98.2568        2630.7
1043    200     1533.75         915.563 3.0726          2759.7
1044    200     1667.73         894.149 4.19591         2719.77
1045    200     1513.95         942.149 0.498448        2745.73
1046    200     1612.98         921.968 4.08682         2741.98
1047    200     1641.84         910.965 -1.84461        2786.28
1048    200     1433.48         977.708 -4.58836        2691.26
1049    200     1572.28         944.235 3.84735         2762.82
1050    200     1592.09         927.697 15.0308         2737.05
1051    200     1513.93         952.335 40.1663         2971.41
1052    200     1596.48         923.217 51.025          2762.59
1053    200     1489.32         977.864 -18.8702        2763.85
1054    200     1642.2          909.77  -18.1938        2669.27
1055    200     1465            952.598 -75.5767        2741.93
1056    200     1676.04         865.624 -11.091         2726.61
1057    200     1572.53         920.042 -12.8336        2707.82
1058    200     1532.97         959.481 -9.22217        2804.56
1059    200     1638.01         909.976 5.16395         2657.14
1060    200     1564.64         928.849 12.651          2782.19
1061    200     1574.34         929.47  14.8033         2833.01
1062    200     1568.64         925.791 41.8277         2720.92
1063    200     1677.23         884.185 10.7701         2747.85
1064    200     1559.79         939.994 38.9492         2754.45
1065    200     1797.59         805.877 22.9543         2808.94
1066    200     1714.77         876.409 88.9762         2732.3
1067    200     1534.53         936.525 -58.0868        2719.55
1068    200     1578.02         929     35.3494         2762
1069    200     1560.63         945.107 70.2988         2734.98
1070    200     1525.31         921.993 28.3315         2642.61
1071    200     1566.21         942.441 18.7653         2681.05
1072    200     1659.8          897.387 18.795          2740.35
1073    200     1556.31         914.436 29.7679         2717.4
1074    200     1589.67         932.521 5.69807         2717.21
1075    200     1588.56         906.463 18.7961         2787.68
1076    200     1706.64         878.305 51.2619         2715.91
1077    200     1501.49         934.395 58.8935         2809.77
1078    200     1525.91         942.506 49.7569         2654.5
1079    200     1576.82         936.867 -22.7878        2769.16
1080    200     1562.53         907.285 46.7745         2778.56
1081    200     1452.66         948.281 15.1113         2688.1
1082    200     1594.24         902.033 52.5689         2699.13
1083    200     1667.32         875.004 86.4565         2738.8
1084    200     1670.81         860.108 94.455          2679.71
1085    200     1647.06         883.652 82.8105         2718.06
1086    200     1632.54         907.16  54.7271         2683
1087    200     1610.62         889.532 40.2135         2731.09
1088    200     1644.77         886.305 14.7437         2729.17
1089    200     1729.42         838.145 81.432          2719.49
1090    200     1567.05         889.466 61.5182         2753.03
1091    200     1667.08         848.691 39.4422         2744.68
1092    200     1613.7          894.656 61.5317         2714.04
1093    200     1730.02         871.297 40.6156         2680.03
1094    200     1664.01         899.72  31.4295         2694.67
1095    200     1686.48         896.811 75.0801         2746.77
1096    200     1567.74         915.174 65.4761         2657.34
1097    200     1656.98         864.297 86.6695         2750.62
1098    200     1573.87         890.489 56.1246         2659.49
1099    200     1646.07         864.382 44.6344         2662.87
1100    200     1706.02         881.991 39.5153         2780.38
1101    200     1626            883.32  78.9624         2717.13
1102    200     1665.85         892.79  29.328          2701.13
1103    200     1587.12         927.135 44.4504         2701.98
1104    200     1571.55         884.964 -16.1561        2630.67
1105    200     1547.12         898.3   55.9101         2754.88
1106    200     1568.85         897.66  -6.92534        2699.7
1107    200     1681.28         855.562 -19.413         2731.18
1108    200     1574.23         911.952 -19.316         2759.76
1109    200     1506.76         931.243 27.6741         2694.43
1110    200     1576.93         889.341 32.2786         2721.71
1111    200     1600.09         914.61  23.9748         2799.69
1112    200     1595.07         879.251 43.72           2626.28
1113    200     1586.85         906.474 36.7977         2714.25
1114    200     1666.14         888.288 53.0666         2732.81
1115    200     1511.64         919.584 -0.553756       2790.58
1116    200     1555.58         901.136 48.238          2712.94
1117    200     1606.28         884.828 80.8848         2804.98
1118    200     1555.68         894.914 27.7153         2665.97
1119    200     1652.54         882.543 40.6192         2706.81
1120    200     1564.31         936.819 43.2012         2879.53
1121    200     1689.48         828.696 29.438          2674.5
1122    200     1682.45         869.668 69.0131         2759.06
1123    200     1704.81         847.645 51.3494         2728.78
1124    200     1629.61         877.925 74.3549         2739.08
1125    200     1528.73         950.547 11.6148         2715.68
1126    200     1625.31         932.837 57.6695         2773.15
1127    200     1634.44         910.344 85.0652         2835.95
1128    200     1593.91         906.434 70.9727         2781.04
1129    200     1639.62         903.646 49.1799         2727.49
1130    200     1652.34         861.308 39.4641         2730.97
1131    200     1616.18         880.829 81.5648         2690.69
1132    200     1579.71         908.665 53.5343         2762.08
1133    200     1714.91         876.075 32.3955         2781.9
1134    200     1645.7          896.166 71.6794         2798.31
1135    200     1695.61         862.342 72.7105         2812.27
1136    200     1548.44         920.692 47.9371         2648.19
1137    200     1527.47         915.589 46.4649         2730.04
1138    200     1691.09         857.669 48.0255         2664.46
1139    200     1622.43         912.286 11.7931         2732.52
1140    200     1629.82         885.121 73.4931         2663.75
1141    200     1569.56         891.163 46.9701         2780.03
1142    200     1505.69         914.897 53.69           2705.82
1143    200     1474.97         913.129 45.2556         2668.91
1144    200     1700.78         856.93  14.8064         2796.34
1145    200     1530.03         931.725 25.2088         2789.98
1146    200     1523.89         916.386 21.1259         2753.98
1147    200     1450.49         926.895 61.6825         2782.31
1148    200     1681.17         895.115 143.442         2801.05
1149    200     1524.06         963.715 34.5755         2717.65
1150    200     1564.15         939.56  79.5734         2722.3
1151    200     1536.31         953.281 40.505          2751.56
1152    200     1502.91         960.722 65.8018         2757.75
1153    200     1593.8          935.947 -8.76514        2807.05
1154    200     1574.28         896.242 31.8005         2813.04
1155    200     1505.09         921.244 60.6587         2832.29
1156    200     1623.41         879.685 47.4809         2632.52
1157    200     1586.92         927.077 46.4437         2931.63
1158    200     1568.61         924.864 -2.27034        2741.31
1159    200     1480.78         929.635 38.6547         2870.24
1160    200     1539.22         930.706 66.5142         2687.76
1161    200     1599.35         903.318 83.6967         2702.03
1162    200     1644.3          904.65  14.8771         2720.54
1163    200     1658.95         865.577 100.716         2839.97
1164    200     1529.71         931.519 56.4783         2718.22
1165    200     1521.46         955.295 34.5951         2809.29
1166    200     1466.88         948.609 28.878          2815.03
1167    200     1420.87         991.207 70.6953         2720.14
1168    200     1603.04         965.239 95.4593         2734.92
1169    200     1576.19         952.57  78.1223         2974.19
1170    200     1559.54         932.042 66.6133         2697.82
1171    200     1485.56         958.849 103.398         2782.29
1172    200     1652.01         887.244 72.3453         2756.62
1173    200     1714.79         894.322 63.6442         2690.64
1174    200     1526.57         968.808 30.8072         2768.04
1175    200     1528.59         954.98  26.8117         2812.95
1176    200     1512.9          933.8   133.441         2642.49
1177    200     1552.96         929.256 95.9935         2708.2
1178    200     1730.52         857.511 19.5327         2810.85
1179    200     1585.14         900.456 126.969         2762.84
1180    200     1671.43         891.195 55.7623         2746.35
1181    200     1686.29         869.39  13.0272         2682.75
1182    200     1715.86         867.79  69.4614         2879.94
1183    200     1585.61         952.489 66.716          2778.48
1184    200     1513.89         940.086 66.0054         2721.68
1185    200     1571.81         904.894 86.8674         2832.6
1186    200     1756.11         858.915 101.212         2713.87
1187    200     1624.83         931.351 25.7653         2742.08
1188    200     1642.8          928.202 37.5395         2786
1189    200     1637.86         925.971 50.8326         2765.59
1190    200     1628.04         936.402 72.2627         2784.3
1191    200     1678.8          883.882 -58.6062        2738.99
1192    200     1646.31         945.875 48.6119         2940.43
1193    200     1589.17         944.129 31.0748         2929.38
1194    200     1558.37         947.366 84.0496         2767.75
1195    200     1566.08         920.655 56.5136         2709.31
1196    200     1765.13         905.961 65.9988         2850.18
1197    200     1502.69         961.676 76.4331         2758.64
1198    200     1611.44         919.803 30.5843         2794.72
1199    200     1587.04         922.541 70.6512         2680.6
1200    200     1649.82         890.286 107.446         2776.48
1201    200     1553.3          960.6   87.2028         2746.81
1202    200     1663.33         893.619 71.0487         2741.56
1203    200     1703.57         906.316 57              2749.77
1204    200     1590.82         920.902 102.925         2771.26
1205    200     1663            900.316 81.0889         2714.34
1206    200     1584.47         948.392 41.9499         2706.85
1207    200     1603.8          956.573 80.4763         2807.14
1208    200     1571.51         929.19  85.1392         2810.1
1209    200     1697.13         914.436 83.0565         2750.66
1210    200     1551.43         959.838 69.0639         2783.53
1211    200     1564.43         934.112 84.0879         2758.87
1212    200     1587.2          945.164 37.7234         2855.25
1213    200     1473.23         946.846 92.8752         2751.89
1214    200     1687.49         908.822 98.5351         2676.74
1215    200     1544.42         930.86  102.089         2688.69
1216    200     1635.01         900.004 82.5568         2713.87
1217    200     1743.45         835.39  99.5452         2850.29
1218    200     1673.23         900.829 60.3266         2647.93
1219    200     1735.4          879.939 94.0786         2718.92
1220    200     1657.07         929.59  27.3418         2712.71
1221    200     1458.28         979.053 91.6375         2864.7
1222    200     1636.84         918.468 109.914         2786.08
1223    200     1625.37         905.744 94.5351         2868.58
1224    200     1537.74         932.601 45.7696         2817.77
1225    200     1618.48         953.263 66.2435         2665.9
1226    200     1676.63         908.154 79.6887         2679.63
1227    200     1636.21         912.227 82.2267         2842.73
1228    200     1596.06         928.166 94.1548         2717.14
1229    200     1704.73         910.325 20.6276         2667.78
1230    200     1742.73         898.839 86.619          2761.26
1231    200     1723.33         904.141 107.63          2718.23
1232    200     1815.89         863.373 105.302         2730.74
1233    200     1556.96         993.367 93.9498         2820.76
1234    200     1620.57         932.697 58.5318         2979.05
1235    200     1562.71         951.438 93.7857         2773.24
1236    200     1665.01         904.278 115.312         2790.09
1237    200     1723.79         930.878 53.8445         2796.42
1238    200     1646.57         938.272 37.2997         2846.99
1239    200     1700.51         896.158 103.186         2847.87
1240    200     1584.54         951.338 117.374         2861.2
1241    200     1768.72         864.179 47.0426         2714.95
1242    200     1708.66         899.963 39.0985         2825.06
1243    200     1514.78         990.906 12.4853         2768.17
1244    200     1638.37         958.825 48.2754         2776.98
1245    200     1550.3          946.057 38.2264         2678.63
1246    200     1719.15         883.635 51.0497         2788.5
1247    200     1546.67         983.225 24.1808         2799.4
1248    200     1639.18         895.238 22.7172         2768.57
1249    200     1730.84         855.588 97.1595         2868.62
1250    200     1577.4          952.046 80.4015         2720.81
1251    200     1696.23         927.774 42.4115         2840.21
1252    200     1594.02         971.464 78.5534         2889.57
1253    200     1657.78         890.653 76.9246         2787.22
1254    200     1600.97         902.287 70.4117         3019.43
1255    200     1630.02         915.611 98.0785         2813.09
1256    200     1689.06         886.327 85.5998         2756.4
1257    200     1560.66         943.699 120.815         2739.15
1258    200     1717.41         877.943 9.68818         2764.38
1259    200     1739.55         900.712 76.173          2714.71
1260    200     1568.3          929.492 79.1203         2751.18
1261    200     1589.54         963.607 17.1619         2742.32
1262    200     1694.82         890.88  97.3068         2801.14
1263    200     1605.18         943.777 75.6585         2689.4
1264    200     1609.35         949.622 105.756         2722.87
1265    200     1654.72         900.757 46.0788         2671.15
1266    200     1732.86         890.876 16.5814         2675.46
1267    200     1617.78         934.15  -3.73214        3031.14
1268    200     1613.17         937.58  57.1447         2753.41
1269    200     1624.76         939.035 114.771         2717.41
1270    200     1596.92         933.209 15.1918         2752.83
1271    200     1763.43         863.179 83.5881         2784.18
1272    200     1630.87         911.27  -18.9544        2777.54
1273    200     1621.47         939.808 30.8694         2702
1274    200     1639.78         935.08  55.6725         2806.1
1275    200     1627.45         943.19  -34.5446        2884.28
1276    200     1475.32         988.165 57.0647         2821
1277    200     1583.85         943.638 -5.08329        2786.08
1278    200     1734.94         886.664 -3.97892        2766.76
1279    200     1593.32         937.404 -9.74193        2714.79
1280    200     1626.48         924.924 29.1299         2790.85
1281    200     1519.75         966.081 39.4461         2784.26
1282    200     1668.36         901.192 3.25288         2714.26
1283    200     1551.2          926.727 49.6944         2764.15
1284    200     1512.57         971.763 69.4065         2825.94
1285    200     1627.62         918.195 79.7907         2753.62
1286    200     1677.63         903.648 82.3858         2802.64
1287    200     1526.24         992.514 104.784         3035.94
1288    200     1610.31         912.051 12.6139         2783.86
1289    200     1626.21         882.592 113.715         2831.19
1290    200     1595.43         928.23  53.7517         2801.24
1291    200     1633.85         924.492 105.077         2813.63
1292    200     1517.14         930.482 41.5847         2812.97
1293    200     1619.38         920.546 43.039          2849.29
1294    200     1732.57         877.28  68.094          2887.09
1295    200     1560.77         916.532 108.815         2818.43
1296    200     1595.2          927.024 49.0546         2806.43
1297    200     1678.49         892.824 54.899          2837.12
1298    200     1552.31         906.939 92.579          2846.31
1299    200     1660.81         926.326 67.9467         2825.43
1300    200     1597.07         942.508 91.3194         2686.51
1301    200     1637.93         892.133 40.5989         2736.91
1302    200     1752.78         868.729 68.1148         2785.9
1303    200     1607.09         921.454 18.2808         2702.5
1304    200     1591.87         922.102 34.2273         2772.15
1305    200     1807.37         891.503 68.6303         2872.61
1306    200     1518.75         943.542 49.3485         2714.12
1307    200     1567.57         937.105 34.1779         2864.72
1308    200     1718.82         909.519 53.9849         2768.13
1309    200     1661.13         937.704 21.8741         2750.07
1310    200     1611.91         906.444 59.2406         2981.69
1311    200     1695.08         946.023 -18.527         2736.24
1312    200     1629.02         910.087 114.019         2757.22
1313    200     1601.45         917.443 60.5546         2741.18
1314    200     1704.26         892.529 67.4499         2743.96
1315    200     1653.16         912.112 33.4191         2800.19
1316    200     1601.75         934.503 37.5182         2815.03
1317    200     1672.9          923.327 26.3219         2876.99
1318    200     1659.84         933.621 66.7056         2902.43
1319    200     1759.95         876.907 12.9942         3067.37
1320    200     1673.6          921.213 1.36315         2917.02
1321    200     1679.71         905.299 26.9305         3086.02
1322    200     1561.86         951.419 82.4263         2844.06
1323    200     1693.52         906.803 90.4317         2821.67
1324    200     1770.89         880.23  23.5884         2891.54
1325    200     1664.2          938.222 64.6055         2798.09
1326    200     1754.2          911.531 78.2468         2802.42
1327    200     1637.8          977.33  83.617          2831.43
1328    200     1546.01         952.852 79.4468         2955.38
1329    200     1609.68         949.63  49.7972         2931.57
1330    200     1696.01         877.282 67.6357         2779.66
1331    200     1767.87         853.556 84.4892         2761.12
1332    200     1712.33         906.076 81.0245         2777.61
1333    200     1623.81         903.608 108.593         2948.09
1334    200     1795.48         867.116 96.4072         2773.59
1335    200     1689.59         937.702 55.3308         2810.27
1336    200     1523.83         970.038 37.6325         2762.92
1337    200     1753.51         842.343 35.0068         3025.18
1338    200     1674.04         932.774 38.7217         2886.2
1339    200     1589.45         953.17  78.7461         2859.19
1340    200     1703.64         908.223 88.4183         2949.61
1341    200     1615.37         973.409 29.7742         2835.28
1342    200     1700.04         946.904 29.3702         2776.68
1343    200     1654.37         955.156 67.5282         2855.64
1344    200     1658.8          948.731 78.6544         2996.15
1345    200     1669.79         913.992 83.1851         2877.34
1346    200     1750.09         859.022 94.5171         2905.72
1347    200     1748.45         883.339 49.2059         2868.68
1348    200     1768.82         893.449 72.8869         2823.73
1349    200     1550.83         962.301 36.9901         2815.12
1350    200     1687.93         917.869 105.262         2817.55
1351    200     1576.64         908.348 89.498          2913.83
1352    200     1600.29         917.61  91.2324         2851.88
1353    200     1827.98         862.994 87.9661         2760.05
1354    200     1656.43         951.778 83.5485         2746.46
1355    200     1797.05         839.756 111.31          2882.12
1356    200     1799.05         892.997 49.6272         2950.03
1357    200     1647.04         947.414 58.8428         2951.02
1358    200     1721.28         901.721 -21.7044        2968.97
1359    200     1761.31         889.668 49.2511         2833.91
1360    200     1605.2          949.282 -16.4365        2861.47
1361    200     1696.04         870.793 -19.8188        2762.95
1362    200     1549.56         936.467 -37.4512        2767.67
1363    200     1619.68         938.216 -5.0668         2862.62
1364    200     1704.83         937.112 97.1884         2822
1365    200     1656.15         917.558 -1.56739        2833.49
1366    200     1670.32         892.005 -30.4592        3078.09
1367    200     1779.29         846.295 -5.85512        2795.07
1368    200     1627.66         932.912 -67.4488        2849.62
1369    200     1818.57         796     82.3427         2811.76
1370    200     1639.9          932.456 -23.4752        2831.09
1371    200     1646.69         908.381 77.8959         2815.07
1372    200     1811.8          840.696 40.7238         2803.4
1373    200     1703.56         904.735 -14.2946        2873.35
1374    200     1755.24         894.879 1.54563         2772.13
1375    200     1714.53         922.589 -13.2119        2872.41
1376    200     1627.99         968.495 63.2024         2831.26
1377    200     1717.87         934.652 -0.103418       2857.79
1378    200     1744.92         868.883 87.1268         2733.79
1379    200     1652.16         970.648 -4.50206        2878.43
1380    200     1627.21         938.085 3.00758         2854.28
1381    200     1677.94         923.086 -5.16809        2906.2
1382    200     1788.72         858.678 129.255         2812.64
1383    200     1752.36         897.232 -18.1645        2813.24
1384    200     1607.09         900.101 -3.08398        3020.29
1385    200     1734.27         872.041 87.8721         2890.31
1386    200     1717.99         892.949 -39.9864        2761.23
1387    200     1750.6          906.584 83.8306         2851.95
1388    200     1695.22         907.598 101.702         2852.01
1389    200     1741.52         912.231 -17.5443        2846.7
1390    200     1739.07         909.919 104.401         2854.97
1391    200     1716.42         916.715 69.0276         2867.34
1392    200     1844.9          849.999 177.969         2881.16
1393    200     1718.42         899.1   -24.4945        2881.36
1394    200     1735.61         891.541 7.81521         2927.19
1395    200     1717.57         886.244 42.2694         2811.95
1396    200     1760.01         891.774 0.793887        2767.46
1397    200     1761.86         892.363 76.6341         2925.64
1398    200     1737.62         882.113 139.684         2822.03
1399    200     1718.22         881.881 74.412          2817.85
1400    200     1763.01         829.257 155.535         2877.1
1401    200     1822.78         854.33  45.3268         2949.07
1402    200     1689.32         927.182 78.7052         2816.62
1403    200     1730.31         858.991 90.9086         2750.88
1404    200     1711.63         903.278 65.6876         2955.48
1405    200     1795.26         879.103 53.7013         2919.15
1406    200     1699.35         983.418 89.4211         3012.61
1407    200     1782.84         919.233 159.307         2878.96
1408    200     1706.06         951.026 155.011         2774.53
1409    200     1647.57         975.495 4.52929         2857.43
1410    200     1806.82         903.24  34.2362         2889.42
1411    200     1705.89         927.958 40.5105         2825.97
1412    200     1699.86         943.864 162.318         2964.98
1413    200     1719.66         950.516 -30.8551        2979.25
1414    200     1719.67         922.326 120.749         2997.88
1415    200     1761.02         912.267 90.3019         2903.53
1416    200     1646.79         971.55  -8.15813        2947.97
1417    200     1774.42         953.502 82.6433         2918.6
1418    200     1779.89         940.637 -7.41332        2892.73
1419    200     1641.61         997.635 71.0056         2922.97
1420    200     1713.46         919.939 -7.66479        2844.81
1421    200     1793.38         907.931 -12.7943        2833.9
1422    200     1672.05         992.717 34.9592         2867.63
1423    200     1737.17         939.504 -6.19393        2877.95
1424    200     1646.61         996.547 58.9703         2852.18
1425    200     1565.88         989.627 -12.7836        2932.83
1426    200     1730.05         934.116 -8.1556         2900.71
1427    200     1803.51         959.503 83.3304         2853.75
1428    200     1683.41         986.166 105.506         2914.08
1429    200     1660.11         952.976 34.6557         2966.56
1430    200     1601.68         1004.1  56.0908         3168.59
1431    200     1732.1          914.363 -11.6657        2942.39
1432    200     1841.34         876.164 94.754          2801.95
1433    200     1759.45         919.003 56.9813         2954.37
1434    200     1569.24         978.046 114.387         2884.28
1435    200     1719.13         938.437 57.1221         3029.16
1436    200     1667.07         930.864 119.291         2871
1437    200     1766.25         876.905 -8.90023        3068.83
1438    200     1727.48         999.484 -11.7382        2963.04
1439    200     1776.03         930.189 -5.85555        3025.94
1440    200     1730.27         916.678 -12.3204        2840.54
1441    200     1759.22         915.403 50.7598         2933.29
1442    200     1717.79         943.413 -7.34399        2967.17
1443    200     1651.18         953.376 60.2666         2907.16
1444    200     1703.27         913.161 61.9565         3128.56
1445    200     1632.09         1005.63 60.8413         2879.15
1446    200     1834.33         896.352 80.0864         2961.41
1447    200     1731.73         888.988 -5.00814        2931.7
1448    200     1721.39         933.359 -7.5233         2869.16
1449    200     1800.78         905.373 90.6094         2841.31
1450    200     1726.73         938.435 73.4583         2794.95
1451    200     1649.92         971.057 -11.0915        2880.22
1452    200     1705.78         968.298 -2.0205         2836.15
1453    200     1744.98         912.947 120.389         2874.46
1454    200     1744.8          954.529 33.2153         2980.05
1455    200     1761.34         877.967 84.8998         2877.44
1456    200     1683.61         958.567 111.421         2902.51
1457    200     1790.15         897.132 -7.63773        2863.08
1458    200     1809.2          901.562 112.956         2954.66
1459    200     1775.82         923.007 90.541          2810.98
1460    200     1819.68         867.062 99.5661         2839.93
1461    200     1795.86         873.036 112.782         2963.03
1462    200     1707.02         947.255 65.1411         2957.14
1463    200     1746.41         924.969 94.1196         2951.21
1464    200     1600.99         1006.32 49.0488         3020.08
1465    200     1729.77         970.256 71.8829         3031.8
1466    200     1887.28         900.35  66.1596         2845.72
1467    200     1798.51         887.563 58.2382         2958.09
1468    200     1809.83         919.122 68.4651         2962.01
1469    200     1755.52         920.344 3.93672         2897.34
1470    200     1717.37         948.822 -12.4165        3075.79
1471    200     1742.85         911.98  -13.3989        2827.88
1472    200     1853.72         886.167 -26.5647        2950.36
1473    200     1732.83         921.63  -8.02889        2962.48
1474    200     1755.66         936.024 69.3119         2878.51
1475    200     1837.91         940.036 96.6978         2953.71
1476    200     1709.86         944.209 69.2404         2992.77
1477    200     1828.05         898.808 53.4678         2865.41
1478    200     1821.81         890.092 -8.30204        2856.34
1479    200     1883.41         882.593 68.6641         2972.55
1480    200     1717.05         931.665 -7.42086        3009.63
1481    200     1776.3          949.136 -3.64134        2915.1
1482    200     1695.27         976.135 -12.7302        2942.96
1483    200     1762.11         953.693 83.4981         3020.04
1484    200     1737.08         951.461 -6.40213        2870.17
1485    200     1797.76         925.529 -27.9207        2970.57
1486    200     1706.56         990.635 -23.7092        2877.46
1487    200     1793.47         932.157 114.078         2962.93
1488    200     1673.73         993.178 -29.1009        2967.22
1489    200     1737.44         962.784 -11.8766        2834.92
1490    200     1686.41         994.592 -3.71714        2894.6
1491    200     1770.41         990.067 -14.3265        2939.12
1492    200     1568.35         983.242 -44.8978        2966.82
1493    200     1798.55         935.508 -5.40172        2827.89
1494    200     1822.83         908.264 -27.1425        2863.79
1495    200     1818.8          926.173 -3.13157        2916.46
1496    200     1754.93         957.712 -13.972         2897.83
1497    200     1921.59         897.634 -12.4531        2904.46
1498    200     1802.55         941.51  -2.57209        2911.52
1499    200     1858.15         922.761 74.6187         2897.64
Time elapsed: 5294.1143453121185
[2020-02-17 17:09:26,859] launcher  (127.0.0.1:37437) INFO    Root process is done.
[2020-02-17 17:09:26,864] launcher  (127.0.0.1:37437) INFO    Finished cleaning spawned subprocesses.