gen     nevals  avg             std     min             max
0       500     -586.647        25.7909 -737.857        -360.917
1       500     -588.989        23.5635 -804.173        -509.52
2       500     -586.461        23.592  -773.218        -451.566
3       500     -587.177        23.8958 -708.408        -469.695
4       500     -585.446        20.8173 -684.875        -502.052
5       500     -585.165        23.4632 -641.577        -286.446
6       500     -584.833        22.1343 -744.827        -492.756
7       500     -585.372        22.7921 -753.911        -423.445
8       500     -582.912        23.5288 -632.641        -357.501
9       500     -583.251        24.736  -798.847        -419.601
10      500     -584.514        21.2041 -682.29         -423.198
11      500     -583.361        21.1398 -655.671        -487.497
12      500     -585.492        23.7881 -737.552        -451.878
13      500     -583.723        21.4863 -667.46         -481.592
14      500     -583.844        23.4301 -731.349        -483.411
15      500     -582.854        22.7248 -680.69         -497.754
16      500     -582.815        24.5599 -847.033        -480.571
17      500     -581.089        24.3603 -659.042        -447.844
18      500     -584.648        24.0619 -840.726        -478.69
19      500     -585.619        24.6607 -682.745        -455.149
20      500     -581.401        25.0647 -708.573        -438.348
21      500     -580.731        28.7576 -852.006        -450.658
22      500     -580.582        28.3647 -721.511        -449.608
23      500     -581.663        34.5155 -995.977        -469.809
24      500     -581.779        29.0575 -760.765        -379.09
25      500     -579.376        27.3955 -679.972        -320.829
26      500     -580.517        30.2699 -828.502        -432.083
27      500     -581.128        39.9378 -729.966        42.8614
28      500     -580.922        35.7782 -792.547        -87.3873
29      500     -579.521        36.6518 -936.242        -131.588
30      500     -583.203        30.1689 -824.482        -483.106
31      500     -578.023        38.8805 -665.562        -95.8028
32      500     -579.929        29.3476 -697.488        -433.974
33      500     -580.15         35.2081 -813.346        -344.98
34      500     -578.347        34.9773 -731.015        -266.008
35      500     -580.395        37.6075 -778.162        -251.733
36      500     -579.956        32.3683 -772.494        -466.95
37      500     -576.062        42.3776 -804.564        -160.811
38      500     -577.481        38.1631 -740.642        -278.097
39      500     -582.776        47.3469 -1215.57        -380.908
40      500     -582.309        46.2572 -1107.33        -383.844
41      500     -579.543        40.0603 -823.749        -335.071
42      500     -580.444        48.7158 -1136.44        -326.803
43      500     -577.325        37.6956 -864.651        -333.178
44      500     -580.249        40.1683 -882.527        -425.135
45      500     -577.349        44.7322 -926.504        -325.774
46      500     -575.905        52.0581 -968.336        -104.717
47      500     -577.207        49.2506 -956.875        -221.964
48      500     -581.134        43.1245 -877.358        -409.829
49      500     -576.628        51.0773 -855.692        -278.636
50      500     -578.413        47.1317 -869.963        -252.044
51      500     -573.174        50.4352 -944.184        -288.201
52      500     -576.756        71.0399 -1126.17        -81.5588
53      500     -571.482        64.4419 -774.775        293.209
54      500     -579.287        52.5545 -922.783        -358.355
55      500     -569.069        67.8416 -764.2          313.331
56      500     -572.935        51.9558 -847.433        -234.903
57      500     -574.032        58.431  -1049.81        -158.233
58      500     -569.594        73.5146 -1147.1         429.788
59      500     -576.727        48.1274 -914.623        -375.629
60      500     -574.68         51.7116 -774.623        -70.4486
61      500     -569.222        59.9247 -834.451        -175.164
62      500     -566.726        65.8263 -824.133        -176.073
63      500     -577.12         69.395  -987.898        154.73
64      500     -570.752        74.286  -910.942        -38.976
65      500     -570.349        66.6811 -922.181        -158.476
66      500     -564.148        74.7834 -845.357        172.458
67      500     -573.116        62.1022 -813.533        15.0956
68      500     -572.381        57.392  -869.898        -303.832
69      500     -566.937        82.9817 -1123.88        103.039
70      500     -562.543        103.404 -973.321        507.353
71      500     -564.097        75.0079 -819.345        51.3677
72      500     -555.247        103.784 -865.903        191.014
73      500     -554.687        104.084 -913.664        154.083
74      500     -565.061        93.8047 -1070.88        542.595
75      500     -566.658        75.5587 -941.449        141.732
76      500     -556.28         103.188 -853.226        256.557
77      500     -556.543        103.401 -834.262        567.829
78      500     -563.132        84.9276 -954.683        -54.9374
79      500     -553.005        104.632 -1012.67        392.016
80      500     -559.106        95.0612 -960.647        59.1847
81      500     -555.46         108.977 -908.648        481.68
82      500     -549.454        112.659 -901.192        443.371
83      500     -550.365        124.494 -1097.38        322.648
84      500     -556.569        101.129 -824.473        316.734
85      500     -541.129        157.004 -822.459        857.457
86      500     -540.988        128.295 -904.36         428.172
87      500     -526.418        169.291 -1014.69        605.662
88      500     -531.746        185.756 -1403.32        871.027
89      500     -524.545        180.561 -1387.44        872.896
90      500     -507.938        197.085 -1107.95        958.237
91      500     -504.503        216.819 -817.417        1258.14
92      500     -513.228        187.074 -1039.1         734.713
93      500     -502.126        212.849 -1159.59        765.461
94      500     -480.767        261.472 -1087.95        1326.5
95      500     -484.759        248.12  -911.728        980.694
96      500     -458.101        294.866 -993.682        1239.41
97      500     -445.842        281.683 -899.935        1238.54
98      500     -474.46         270.186 -1166.16        922.656
99      500     -473.972        280.045 -927.122        992.854
100     500     -439.836        311.323 -968.053        1412.3
101     500     -417.886        348.113 -909.926        1135.23
102     500     -425.476        340.867 -873.315        1240.77
103     500     -434.646        325.37  -1131.02        1220.99
104     500     -408.109        355.668 -834.99         1126.27
105     500     -414.124        326.934 -858.562        1106.26
106     500     -438.064        338.371 -819.396        1404.63
107     500     -429.598        353.562 -932.516        1024.35
108     500     -404.907        381.449 -850.731        1458.39
109     500     -406.684        366.485 -923.175        1279.57
110     500     -415.858        363.219 -1009.58        1197.88
111     500     -402.38         349.983 -817.161        1319.56
112     500     -411.392        357.677 -1138.13        1183.95
113     500     -368.664        395.531 -913.93         1278.73
114     500     -383.514        415.146 -933.212        1311.88
115     500     -380.198        405.095 -1006.17        1240.29
116     500     -368.953        409.613 -1011.99        1187.34
117     500     -361.371        423.035 -925.485        1205.53
118     500     -359.775        423.459 -828.118        1320.72
119     500     -340.754        455.145 -898.303        1255.04
120     500     -328.205        453.838 -873.029        1277.78
121     500     -356.898        427.708 -1040.35        1237.84
122     500     -324.91         441.539 -802.688        1304.98
123     500     -321.315        478.563 -846.643        1396.67
124     500     -303.706        465.775 -1044.99        1257.16
125     500     -282.002        497.307 -949.697        1304.4
126     500     -250.959        516.919 -922.437        1294.49
127     500     -267.134        509.86  -859.861        1453.1
128     500     -270.749        510.277 -1023.15        1360.99
129     500     -221.441        531.462 -1065.26        1337.89
130     500     -209.787        558.36  -831.507        1432.65
131     500     -243.739        509.456 -1043.86        1295.35
132     500     -265.939        504.393 -1164.63        1325.59
133     500     -187.173        572.022 -902.002        1387.96
134     500     -189.142        560.388 -1008           1327.93
135     500     -193.139        564.124 -813.102        1455.34
136     500     -237.484        538.254 -1051.39        1355.93
137     500     -141.887        606.726 -887.244        1423.46
138     500     -172.278        580.692 -918.325        1293.51
139     500     -173.608        576.385 -794.281        1321.05
140     500     -193.388        570.421 -1051.55        1439.88
141     500     -160.132        578.437 -1014.64        1391.54
142     500     -166.114        608.639 -946.537        1438.73
143     500     -163.598        579.601 -797.728        1497.15
144     500     -139.504        616.925 -869.03         1465.54
145     500     -104.911        618.813 -842.196        1537.66
146     500     -115.787        619.538 -753.548        1383.57
147     500     -132.043        622.201 -1018.06        1409.15
148     500     -97.0817        631.602 -997.659        1414.67
149     500     -113.714        606.461 -854.078        1485.31
150     500     -93.7169        625.01  -886.524        1360.81
151     500     -86.7981        618.562 -1005.41        1372.45
152     500     -90.9432        617.215 -851.308        1351.51
153     500     -84.0458        630.966 -784.997        1445.49
154     500     -65.4861        639.571 -867.046        1478.55
155     500     -89.9578        613.751 -895.676        1619.06
156     500     -56.429         645.34  -1059.42        1458.03
157     500     -37.65          668.342 -937.443        1469.07
158     500     -60.703         628.625 -877.211        1408.6
159     500     -67.2683        636.568 -898.234        1614.02
160     500     -40.235         655.921 -886.714        1442.25
161     500     -98.0211        618.19  -956.601        1338.4
162     500     -19.8665        671.021 -987.913        1478.05
163     500     -35.8063        665.205 -858.447        1597.23
164     500     -40.693         657.529 -1031.99        1440.79
165     500     20.2472         673.073 -854.94         1430.98
166     500     27.2988         687.312 -947.874        1360.35
167     500     -27.2887        657.429 -969.096        1519.66
168     500     -11.4826        671.561 -986.375        1488.42
169     500     -12.4628        664.624 -833.394        1523.13
170     500     12.479          664.999 -839.816        1438.3
171     500     88.1494         685.665 -1018.81        1466.64
172     500     86.1607         680.377 -894.802        1492.07
173     500     39.679          681.96  -958.951        1480.64
174     500     84.4875         693.975 -929.709        1451.3
175     500     79.567          673.816 -842.028        1419.12
176     500     39.3688         699.631 -876.431        1417.07
177     500     82.7108         702.835 -871.635        1491.24
178     500     88.8452         711.537 -835.196        1627.91
179     500     128.924         700.547 -952.305        1533.42
180     500     109.146         694.742 -839.739        1529.21
181     500     105.19          689.008 -928.592        1441.84
182     500     160.055         716.006 -880.857        1484.86
183     500     111.48          722.775 -1032.02        1447.1
184     500     55.8967         701.01  -949.829        1392.1
185     500     162.226         722.966 -872.767        1432.25
186     500     143.431         728.41  -845.845        1498.34
187     500     164.767         717.42  -898.512        1465.56
188     500     146.907         723.815 -952.419        1518.79
189     500     178.061         720.365 -1046.06        1478.58
190     500     121.076         721.084 -924.083        1530
191     500     220.813         722.157 -900.782        1499.92
192     500     174.946         737.081 -928.851        1511.92
193     500     156.926         736.648 -800.852        1510.48
194     500     171.826         727.781 -947.291        1610.08
195     500     207.229         730.092 -840.461        1523.83
196     500     175.846         722.378 -978.721        1524.94
197     500     234.47          738.635 -908.632        1530.65
198     500     280.03          766.903 -864.336        1525.26
199     500     244.22          743.655 -1116.11        1460.33
200     500     241.849         733.661 -883.829        1523.25
201     500     184.801         730.375 -1000.23        1473.12
202     500     284.431         737.039 -1024.15        1520.15
203     500     243.238         726.185 -938.623        1440.09
204     500     255.384         739.444 -1005.45        1451.66
205     500     206.54          748.513 -771.546        1500.52
206     500     298.411         747.065 -763.352        1518.63
207     500     231.664         762.233 -1025.79        1563.43
208     500     323.885         761.643 -965.674        1528.91
209     500     279.082         745.061 -852.819        1520.76
210     500     260.542         760.817 -1003.52        1800.62
211     500     268.43          734.935 -1028.49        1433.19
212     500     264.758         745.9   -905.876        1513.72
213     500     311.408         740.681 -957.72         1578.08
214     500     381.872         737.221 -875.929        1554.27
215     500     403.126         741.425 -935.044        1559.54
216     500     394.148         739.617 -1010.49        1530.35
217     500     299.216         751.717 -971.296        1569.52
218     500     276.786         761.977 -1029.16        1559.41
219     500     380.371         740.998 -951.941        1561.47
220     500     376.769         742.845 -950.6          1495.79
221     500     380.322         753.766 -925.258        1630.69
222     500     348.199         757.898 -966.503        1563.95
223     500     371.728         744.316 -960.864        1484.22
224     500     397.245         761.384 -1091           1533.76
225     500     384.5           746.873 -1013.6         1538.17
226     500     473.26          749.928 -882.432        1483.58
227     500     414.154         756.359 -975.264        1547.01
228     500     449.035         737.937 -862.043        1562.92
229     500     513.752         728.689 -794.334        1564.5
230     500     377.712         741.812 -1001.24        1570.59
231     500     486.209         732.398 -998.693        1523.69
232     500     451.122         758.169 -882.291        1631.94
233     500     433.062         743.67  -826.196        1520.68
234     500     474.745         745.109 -886.089        1645.02
235     500     436.701         737.274 -1055.53        1533.41
236     500     419.765         741.642 -963.862        1540.01
237     500     503.707         734.473 -833.218        1536.46
238     500     435.14          755.136 -1021.13        1603.85
239     500     483.465         754.462 -708.188        1524.82
240     500     481.001         749.512 -866.753        1578.01
241     500     491.472         748.34  -692.943        1567.57
242     500     522.341         742.187 -1011.06        1522.9
243     500     508.15          737.609 -900.298        1498.93
244     500     562.92          723.542 -838.674        1609.02
245     500     614.432         710.885 -1032.03        1600.48
246     500     555.39          744.037 -1052.62        1555.06
247     500     526.979         721.471 -1072.94        1546.18
248     500     626.269         712.459 -775.955        1764.4
249     500     550.501         741.741 -852.453        1684.26
250     500     570.854         729.465 -1025.29        1655.65
251     500     551.634         729.979 -813.387        1547.25
252     500     535.255         713.278 -1035.23        1600.46
253     500     525.719         740.113 -792.877        1601.29
254     500     553.83          730.527 -972.621        1522.38
255     500     558.851         727.296 -866.218        1662.64
256     500     580.42          725.693 -1054.53        1559.76
257     500     580.483         732.734 -1025.19        1605.97
258     500     568.424         724.358 -1031.98        1619.13
259     500     628.717         708.066 -699.87         1642.24
260     500     562.095         729.343 -763.978        1673.34
261     500     658.206         708.407 -1031.12        1512.52
262     500     623.872         717.756 -688.054        1660.46
263     500     632.707         688.67  -1079.02        1562.98
264     500     617.753         710.105 -774.477        1610.63
265     500     597.888         716.474 -1027.53        1523.12
266     500     645.589         725.414 -1005.85        1676.12
267     500     674.277         700.172 -679.662        1581.31
268     500     567.06          729.339 -994.347        1551.57
269     500     627.035         708.37  -692.066        1566.78
270     500     655.705         714.938 -961.219        1650.75
271     500     698.238         684.357 -852.721        1601.63
272     500     701.202         696.912 -996.98         1603.96
273     500     697.456         683.273 -720.3          1673.43
274     500     704.274         697.774 -1041.74        1670.58
275     500     664.194         709.481 -1067.63        1656.25
276     500     715.119         684.733 -1044.42        1577.38
277     500     685.388         697.086 -1007           1577.95
278     500     666.604         693.548 -1040.98        1618.19
279     500     719.415         689.928 -741.222        1617.2
280     500     676.796         702.085 -991.608        1652.8
281     500     664.584         692.547 -1014.73        1650.94
282     500     748.899         675.829 -713.137        1614.57
283     500     696.646         692.706 -814.832        1591.43
284     500     683.073         690.71  -817.812        1568.13
285     500     680.882         692.425 -939.065        1610.45
286     500     779.313         661.737 -979.469        1718.52
287     500     677.097         709.245 -973.527        1646.78
288     500     737.192         679.21  -747.761        1558.41
289     500     697.968         701.061 -1076.54        1653.16
290     500     742.269         675.028 -691.533        1709.12
291     500     707.509         674.499 -1007.3         1625.81
292     500     774.119         658.604 -650.84         1725.99
293     500     667.92          722.753 -800.638        1578.35
294     500     695.668         689.38  -975.381        1684.48
295     500     695.2           698.098 -989.528        1625.75
296     500     740.825         676.668 -923.712        1594.28
297     500     674.76          695.494 -876.647        1632.86
298     500     743.301         691.281 -900.932        1639.19
299     500     674.711         688.354 -953.207        1617.04
300     500     679.748         699.009 -780.929        1586.9
301     500     727.579         698.201 -804.651        1625.39
302     500     748.855         660.224 -848.959        1696.8
303     500     769.027         667.247 -1027.2         1714.34
304     500     757.949         667.607 -698.612        1624.41
305     500     772.96          668.517 -943.636        1633.87
306     500     701.719         692.362 -883.156        1610.54
307     500     785.121         655.19  -950.252        1628.32
308     500     778.785         658.664 -657.937        1719.13
309     500     786.207         656.868 -641.386        1673.05
310     500     711.731         695.303 -670.483        1670.13
311     500     747.288         690.833 -778.899        1700.81
312     500     718.298         696.164 -839.254        1600.79
313     500     754.368         700.427 -888.418        1693.29
314     500     772.239         695.536 -1013.9         1663.24
315     500     796.466         684.15  -982.331        1713.05
316     500     725.498         678.458 -758.939        1622.63
317     500     843.531         631.236 -922.677        1622.1
318     500     758.952         679.749 -1103.17        1697.08
319     500     774.975         694.901 -979.027        1671.33
320     500     769.619         676.221 -704.532        1673.31
321     500     724.612         697.1   -702.224        1629.6
322     500     789.257         653.272 -910.121        1624.79
323     500     786.568         667.427 -744.702        1672.55
324     500     745.552         688.899 -878.943        1735.49
325     500     734.722         706.942 -1073.67        1654.02
326     500     791.913         652.546 -1139.38        1640.93
327     500     759.833         678.771 -1091.89        1686.58
328     500     762.255         685.754 -791.31         1672.22
329     500     762.658         674.674 -665.732        1707.1
330     500     839.392         647.147 -752.432        1741.5
331     500     821.014         677.632 -987.045        1682.31
332     500     818.693         667.913 -833.087        1691.77
333     500     862.393         621.591 -758.843        1814.52
334     500     845.012         667.403 -754.249        1694.23
335     500     852.375         635.785 -925.482        1755.84
336     500     788.879         677.626 -1124.24        1665.44
337     500     833.258         640.478 -880.12         1665.23
338     500     768.26          673.638 -763.85         1743.71
339     500     784.173         663.061 -800.31         1733.92
340     500     764.53          677.157 -964.507        1713.51
341     500     868.624         646.43  -1002.73        1773.98
342     500     811.887         673.331 -679.399        1731.57
343     500     833.934         652.037 -877.152        1727.38
344     500     776.16          656.628 -669.081        1653.8
345     500     860.866         637.683 -841.644        1671.37
346     500     792.971         655.622 -722.811        1685.95
347     500     879.979         602.976 -794.304        1662.71
348     500     814.365         658.009 -742.23         1708.43
349     500     803.895         657.934 -671.724        1676.05
350     500     854.098         610.872 -615.944        1681.72
351     500     841.02          658.483 -889.608        1668.28
352     500     883.315         623.248 -881.767        1684.01
353     500     844.092         631.559 -828.689        1718.16
354     500     888.086         616.126 -681.702        1660.81
355     500     853.287         646.754 -1014.92        1719.03
356     500     901.887         613.028 -736.903        1729.04
357     500     915.365         595.948 -649.715        1709.22
358     500     852.834         636.678 -926.773        1706.82
359     500     838.192         635.321 -687.703        1760.53
360     500     904.003         609.892 -837.676        1733.15
361     500     882.691         633.133 -665.544        1679
362     500     919.719         617.3   -655.353        1708.45
363     500     905.771         645.692 -909.877        1705.32
364     500     907.802         620.803 -837.895        1762.46
365     500     821.864         665.411 -997.635        1685.98
366     500     898.746         602.196 -730.187        1689.91
367     500     910.684         618.038 -1187.22        1736.89
368     500     885.306         626.484 -940.221        1723.16
369     500     893.135         627.775 -1145.87        1706.97
370     500     880.399         635.332 -879.724        1691.14
371     500     872.986         647.448 -700.921        1757.09
372     500     878.466         661.42  -723.551        1721.22
373     500     891.078         648.399 -797.912        1764.97
374     500     910.682         629.039 -866.82         1841.25
375     500     929.388         637.731 -1017.35        1735.58
376     500     847.071         659.223 -689.288        1746.99
377     500     867.634         647.471 -657.808        1678.82
378     500     863.538         669.918 -958.803        1789.02
379     500     853.935         655.802 -676.117        1720.29
380     500     885.194         634.732 -812.355        1732.27
381     500     868.944         657.882 -974.92         1691.39
382     500     911.333         609.194 -930.186        1716.23
383     500     920.582         630.106 -648.839        1773.81
384     500     859.62          666.667 -682.874        1763.87
385     500     884.345         635.473 -714.191        1762.45
386     500     888.469         623.751 -650.201        1770.03
387     500     873.027         653.538 -823.506        1723
388     500     819.842         682.812 -923.366        1783.15
389     500     851.434         686.329 -730.658        1687.62
390     500     814.993         689.204 -704.897        1750.18
391     500     889.058         655.538 -792.721        1790.24
392     500     958.594         611.796 -673.679        1761.56
393     500     872.773         631.69  -684.833        1689.14
394     500     844.478         666.952 -842.785        1724.67
395     500     853.433         655.296 -1001.55        1800.47
396     500     926.989         626.086 -996.086        1772.13
397     500     846.688         668.734 -680.631        1760.48
398     500     899.762         624.416 -915.181        1708.83
399     500     880.575         636.131 -1105.4         1793.6
400     500     916.137         642.013 -715.416        1912.15
401     500     869.878         659.982 -685.506        1848.35
402     500     920.055         633.464 -857.993        1843.06
403     500     838.165         687.141 -776.258        1933.53
404     500     835.416         697.438 -1121           1787.83
405     500     910.812         636.153 -682.306        1730.65
406     500     874.875         658.631 -736.162        1745.97
407     500     823.799         689.186 -972.646        1782.19
408     500     841.247         670.978 -879.75         1870.34
409     500     853.589         642.884 -1003.19        1852.97
410     500     833.563         652.544 -934.603        1859.19
411     500     869.316         646.281 -713.338        1847.46
412     500     809.28          695.906 -676.145        1791.76
413     500     890.38          627.826 -711.991        1870.15
414     500     847.641         673.395 -1080.24        1758.99
415     500     868.619         651.036 -671.959        1892.58
416     500     780.725         700.706 -684.796        1829.57
417     500     875.238         654.221 -930.583        1933.05
418     500     803.507         658.253 -739.547        1737.97
419     500     809.598         650.071 -906.841        1779.45
420     500     874.209         640.332 -967.656        1827.58
421     500     762.286         702.256 -913.56         1894.91
422     500     788.739         688.263 -979.656        1848.08
423     500     774.249         672.918 -821.536        1821.05
424     500     812.646         666.107 -978.181        1814.39
425     500     767.301         679.779 -732.848        1769.82
426     500     783.868         679.43  -1171           1797.17
427     500     783.892         687.492 -956.89         1821.13
428     500     765.143         690.367 -822.493        1848.02
429     500     815.415         681.16  -792.733        1888.43
430     500     791.284         682.973 -717.552        1751.05
431     500     807.958         707.545 -710.42         1824.79
432     500     801.353         675.576 -1162.56        1819.4
433     500     765.135         677.294 -802.796        1798.9
434     500     848.133         644.284 -880.556        1923.74
435     500     805.218         687.914 -814.017        1903.78
436     500     818.755         682.935 -1063.42        1801.4
437     500     762.472         706.191 -960.328        1789.14
438     500     845.712         644.306 -696.371        1943
439     500     827.735         658.117 -1082.72        1825.69
440     500     836.394         691.204 -953.341        1866.4
441     500     882.585         679.529 -766.326        2064.28
442     500     883.965         663.642 -766.14         1817.31
443     500     824.471         698.516 -889.948        1782.88
444     500     831.016         689.869 -886.76         1897.87
445     500     851.18          695.004 -802.036        1770.25
446     500     833.508         693.918 -698.804        1866.76
447     500     860.849         687.473 -922.07         1863.69
448     500     851.785         669.784 -692.557        1854.57
449     500     847.962         676.338 -719.98         1908.47
450     500     872.453         686.065 -939.185        1789.27
451     500     831.304         701.376 -1004.85        1886.61
452     500     793.949         728.113 -972.474        1787.24
453     500     831.208         680.086 -878.918        1808.92
454     500     856.476         689.901 -808.155        1929.82
455     500     773.947         725.171 -698.312        1847.96
456     500     825.557         674.539 -694.226        2031.95
457     500     834.209         711.377 -837.803        1795.78
458     500     815.953         718.605 -923.633        1913.63
459     500     782.936         707.807 -781.164        1886.06
460     500     816.176         722.353 -1044.4         1870.54
461     500     723.492         729.83  -801.857        1881.32
462     500     853.943         687.042 -898.559        1944.11
463     500     787.989         743.197 -1019.34        1960.8
464     500     811.369         722.104 -708.464        1928.61
465     500     813.913         730.09  -917.966        1850.33
466     500     772.632         716.429 -777.216        1915.11
467     500     819.211         737.39  -1008.97        1933.8
468     500     862.964         718.207 -713.123        2073.98
469     500     829.653         698.227 -745.039        2005.36
470     500     766.061         753.371 -982.501        1918.58
471     500     758.695         742.944 -876.396        1853.93
472     500     693.093         778.586 -959.225        1860.68
473     500     771.117         762.379 -869.846        1817.56
474     500     784.631         753.102 -1051.64        1900.85
475     500     734.655         729.342 -1089.35        1785.35
476     500     766.466         759.23  -747.445        1824.17
477     500     719.135         757.81  -836.332        1837.26
478     500     815.722         742.88  -992.595        1937.82
479     500     815.601         740.095 -1085.29        1886.32
480     500     799.24          733.375 -871.504        1815.7
481     500     774.069         748.728 -968.586        2013.3
482     500     723.624         753.883 -862.785        1906.8
483     500     764.562         754.897 -721.877        1881.99
484     500     761.041         761.91  -916.353        1890.5
485     500     707.833         742.621 -960.204        1822.53
486     500     753.373         753.824 -817.821        1960.59
487     500     788.521         739.804 -873.728        2066.1
488     500     745.233         748.235 -886.61         1806.83
489     500     797.305         755.2   -868.721        1892.25
490     500     787.097         716.264 -865.966        1819.29
491     500     808.637         742.945 -782.41         1886.38
492     500     814.083         739.322 -850.277        1940.93
493     500     735.04          747.339 -837.977        1815.28
494     500     802.85          727.145 -700.753        1874.35
495     500     880.927         700.705 -717.536        1869.16
496     500     845.593         709.905 -688.085        2043.6
497     500     910.422         703.964 -693.42         2081.8
498     500     821.529         736.933 -906.684        1881.89
499     500     765.808         746.507 -1047.99        1845.73
500     500     804.762         767.5   -740.77         1999.35
501     500     885.678         726.409 -734.069        1872.82
502     500     792.985         755.436 -700.363        1951.56
503     500     808.716         721.323 -933.662        1850.48
504     500     822.669         712.322 -992.515        1883.01
505     500     908.449         725.698 -718.907        2010.78
506     500     884.531         721.667 -711.807        1905.31
507     500     889.466         703.327 -1129.38        2004.11
508     500     820.053         754.493 -792.859        1909.07
509     500     880.908         718.324 -957.386        1920.21
510     500     890.104         717.231 -741.304        1903.13
511     500     835.642         741.25  -876.943        1959.45
512     500     840.984         713.974 -798.775        2012.28
513     500     871.948         732.376 -815.304        1851.5
514     500     890.294         695.679 -683.565        1978.66
515     500     888.316         695.428 -812.033        1917.66
516     500     862.399         704.739 -1100.01        1933.77
517     500     876.461         711.638 -721.606        1911.11
518     500     862.632         750.634 -866.724        1888.47
519     500     849.935         721.261 -701.166        1877.67
520     500     849.827         733.833 -929.057        2078.51
521     500     854.678         758.706 -847.672        1944.36
522     500     830.83          749.741 -741.071        1922.23
523     500     861.043         749.11  -737.437        2030.11
524     500     866.752         789.823 -726.798        1901.65
525     500     848.408         755.986 -827.175        1996.05
526     500     806.091         771.181 -754.569        1923.39
527     500     819.084         765.769 -827.996        1978.31
528     500     899.614         738.758 -763.582        1983.6
529     500     910.674         709.229 -698.207        1969.96
530     500     872.535         747.791 -700.084        2043.35
531     500     944.009         705.504 -839.703        1944.25
532     500     920.536         734.669 -737.275        1914.23
533     500     899.187         701.011 -829.485        2021.6
534     500     888.942         737.337 -1121.9         1991.7
535     500     870.503         753.538 -1043.23        1987.41
536     500     871.157         726.071 -814.818        1962.24
537     500     853.027         754.191 -910.713        2030.64
538     500     881.716         744.194 -894.31         2084.47
539     500     851.964         733.301 -813.731        1931.63
540     500     884.92          750.18  -675.727        1937.62
541     500     867.331         752.348 -956.129        2025.82
542     500     856.277         721.652 -789.452        2019.38
543     500     940.779         716.012 -850.794        2012.61
544     500     870.019         721.396 -696.712        1970.72
545     500     890.578         696.145 -758.91         1953.64
546     500     873.014         725.138 -898.26         1964.01
547     500     915.472         718.328 -774.553        1956.28
548     500     877.465         720.189 -706.509        1890.06
549     500     865.73          754.138 -803.784        2011.02
550     500     841.052         758.197 -877.219        2003.75
551     500     854.803         762.756 -1093.73        1986.22
552     500     934.648         720.07  -835.674        2040.12
553     500     838.634         752.341 -756.088        2046.86
554     500     867.355         774.958 -765.659        2011.26
555     500     878.375         732.469 -759.115        1982.69
556     500     958.177         736.968 -960.528        1951.4
557     500     889.201         747.318 -723.238        1973.89
558     500     883.355         742.484 -1002.26        2065.15
559     500     905.613         741.856 -721.984        2021.85
560     500     890.061         754.757 -952.754        1932.53
561     500     935.601         742.73  -729.237        2043.26
562     500     906.92          749.177 -686.432        2233.15
563     500     954.06          721.169 -932.288        1960.2
564     500     879.996         740.744 -873.917        1968.83
565     500     864.88          780.666 -1066.14        1997.54
566     500     901.459         781.161 -941.49         2051.65
567     500     964.826         732.254 -693.995        1956.45
568     500     916.188         743.791 -850.776        2028.16
569     500     930.026         742.389 -893.479        1936.72
570     500     952.851         725.051 -722.217        1980.23
571     500     1006.3          693.341 -755.221        2043.32
572     500     947.345         723.938 -718.05         2026.44
573     500     933.596         729.718 -882.012        1988.67
574     500     934.892         711.78  -1036.46        2019.42
575     500     942.201         736.98  -1125.32        1984.39
576     500     934.643         747.317 -969.72         1991.09
577     500     960.735         718.674 -709.419        1937.32
578     500     975.771         706.377 -735.483        2064.18
579     500     989.758         739.607 -703.315        2153.6
580     500     991.751         723.86  -972.4          2020.5
581     500     956.604         732.939 -710.911        1947.28
582     500     1061.36         701.935 -898.008        2074.58
583     500     1040.99         702.326 -1086.87        2091.73
584     500     1010.6          731.174 -1101.34        1931.91
585     500     1075.62         697.758 -1222.07        2026.44
586     500     1009.79         760.239 -817.725        2039.36
587     500     1021.28         706.8   -709.198        1974.62
588     500     1032.68         700.26  -712.826        2056.3
589     500     1062.43         697.351 -974.46         2014.56
590     500     1030.76         713.258 -1031.8         2066.7
591     500     1042.78         699.048 -686.931        1989.35
592     500     1031.44         711.014 -908.693        2088.15
593     500     1063.86         703.09  -734.891        2110.41
594     500     1020.14         719.362 -872.51         1986.34
595     500     1021.28         734.537 -959.506        2027.94
596     500     998.459         718.731 -829.183        2045.11
597     500     1073.93         670.656 -736.602        2048.25
598     500     1106.48         670.655 -988.023        2026.69
599     500     1116.55         684.595 -705.032        2142.69
600     500     1028.1          697.254 -774.735        2070.76
601     500     1038            704.655 -904.998        2107.79
602     500     1027.88         732.527 -1206.43        2009.6
603     500     1014.49         736.266 -1002.17        2155.05
604     500     975.268         741.227 -698.791        2004.85
605     500     1045.25         742.595 -915.091        2020.1
606     500     1047.8          714.641 -953.853        2060.82
607     500     1018.86         702.778 -683.018        2122.46
608     500     1038.08         698.159 -695.648        2136.95
609     500     1031.36         735.338 -991.862        1995.14
610     500     1049.12         741.759 -785.454        2080.27
611     500     1010.41         744.509 -850.094        2005.93
612     500     995.844         770.997 -883.792        2030.04
613     500     955.607         749.141 -1039.57        2188.24
614     500     977.496         745.825 -1101.59        1982.93
615     500     1038.29         737.699 -868.576        2073.38
616     500     998.187         748.876 -910.336        2058.5
617     500     999.414         772.602 -1020.71        2029.51
618     500     976.289         736.775 -847.972        2034.66
619     500     1017.91         709.924 -688.381        2020.46
620     500     1016.59         717.953 -854.926        2064.44
621     500     966.992         758.794 -860.249        2042.36
622     500     1027.07         737.414 -921.61         1998.37
623     500     1008.66         740.658 -733.941        1995.62
624     500     1013.91         736.713 -770.281        2056.39
625     500     988.521         757.855 -804.8          1940.14
626     500     1002.34         717.257 -750.627        1996.65
627     500     1055.17         717.622 -956.565        2049.19
628     500     1031.02         734.783 -789.729        2072.75
629     500     1062.24         701.447 -755.611        2020.18
630     500     1012.8          745.419 -848.525        2126.99
631     500     1046.9          692.521 -773.67         1944.57
632     500     1029.51         685.455 -820.032        1978.31
633     500     1103.34         697.266 -735.111        2034
634     500     1058.66         716.608 -707.128        2024.1
635     500     1062.53         707.352 -960.031        2033.71
636     500     1045.81         707.03  -884.926        2123.53
637     500     1083.22         687.263 -845.944        2049.63
638     500     1094.12         687.699 -780.879        2028.13
639     500     1060.71         706.581 -855.025        2017.28
640     500     1090.72         693.372 -792.429        1985.07
641     500     1064.36         673.7   -862.065        1993.56
642     500     983.87          757.415 -690.439        2000.85
643     500     1064.41         695.121 -711.439        1999.84
644     500     1073.78         684.544 -855.182        2076.63
645     500     1080.72         700.079 -712.143        2019.63
646     500     1018.98         709.188 -737.726        1942.39
647     500     1079.36         714.322 -907.72         1999.8
648     500     1074.81         692.583 -748.74         2048.86
649     500     1080.54         682.367 -709.35         2104.52
650     500     1096.54         683.996 -881.49         2106.47
651     500     1161.93         651.196 -1102.71        2029.74
652     500     1149.95         670.868 -800.567        2121.39
653     500     1103.46         685.167 -663.531        2099.18
654     500     1099.47         671.639 -704.689        2059.96
655     500     1095.54         694.917 -773.349        1984.07
656     500     1092.54         715.634 -845.487        2077.33
657     500     1146.62         653.213 -710.765        2029.62
658     500     1148.68         677.99  -875.557        2017.48
659     500     1096.99         694.453 -699.081        1982.48
660     500     1132.75         704.582 -1050.27        2088.99
661     500     1169.07         676.666 -765.227        2001.9
662     500     1149.29         679.682 -703.612        2098.05
663     500     1193.09         661.661 -730.015        2053.86
664     500     1150.25         681.382 -689.638        2092.78
665     500     1175.87         661.724 -727.657        2049.75
666     500     1129.58         664.574 -652.328        2046.08
667     500     1164.21         698.697 -850.437        2098.35
668     500     1152.66         697.686 -691.543        2033.52
669     500     1152.51         686.53  -702.888        2013.21
670     500     1128.55         684.983 -740.207        2044.41
671     500     1119.39         710.138 -780.927        2082.99
672     500     1117.63         712.542 -994.547        2024.72
673     500     1199.9          667.036 -867.725        2099.48
674     500     1143.73         700.29  -845.085        2033.33
675     500     1086.21         714.342 -688.854        2025.23
676     500     1108.35         722.715 -698.934        2026.32
677     500     1109.48         707.373 -706.465        2039.7
678     500     1215.56         658.091 -679.976        2037.31
679     500     1144.12         682.582 -774.716        2090.76
680     500     1158.7          683.413 -777.671        2087.84
681     500     1213.98         644.547 -834.545        2073.17
682     500     1204.37         677.459 -682.199        2068.87
683     500     1174.47         683.315 -704.333        1984.16
684     500     1177.07         686.158 -714.658        2090.86
685     500     1152.36         692.032 -829.667        2049.42
686     500     1171.14         678.48  -694.191        2030.41
687     500     1175.39         682.49  -730.474        2033.57
688     500     1191.87         664.355 -966.422        2071.52
689     500     1192.71         638.63  -743.846        2014.56
690     500     1141.57         704.567 -871.887        2098.79
691     500     1176.86         647.47  -864.536        2084.61
692     500     1153.42         685.633 -696.905        2067.84
693     500     1216.64         593.417 -685.84         2048.59
694     500     1201.14         624.966 -696.279        2053.27
695     500     1199.23         651.795 -750.846        2021.3
696     500     1232.2          635.391 -712.796        2081.7
697     500     1209.16         655.974 -639.703        2049.71
698     500     1222.63         661.525 -785.842        2040.37
699     500     1246.51         630.305 -700.815        2131.66
700     500     1173.11         678.571 -701.486        2061.27
701     500     1249.12         628.408 -676.144        2090.53
702     500     1219.1          665.115 -781.376        2154.8
703     500     1227.43         649.244 -929.03         2061.44
704     500     1180.71         690.437 -813.853        2070.01
705     500     1250.62         606.332 -690.573        2014.54
706     500     1248.66         651.962 -779.08         2080.68
707     500     1195.01         692.202 -776.326        2050.72
708     500     1235.87         626.852 -743.614        1989.5
709     500     1229.54         647.465 -959.332        2056.76
710     500     1240.8          657.755 -927.01         2165.8
711     500     1231.62         652.487 -714.887        2000.9
712     500     1271.5          612.366 -704.926        2029.73
713     500     1195.92         651.703 -686.279        2045.19
714     500     1231.81         665.434 -711.607        2128.46
715     500     1191.22         690.551 -940.223        2002.73
716     500     1194.5          691.559 -700.195        2076.66
717     500     1204.63         652.683 -736.517        2039.82
718     500     1236.76         630.15  -679.977        2104.03
719     500     1158.47         685.318 -998.533        1987.68
720     500     1203.17         684.767 -676.852        2095.35
721     500     1232.96         660.534 -681.983        2103.06
722     500     1219.45         638.958 -705.745        2011.16
723     500     1215.24         648.936 -824.388        2113.25
724     500     1232.56         623.4   -776.55         2072.52
725     500     1255.7          618.598 -715.209        2163.49
726     500     1233.89         658.089 -736.363        2058.51
727     500     1258.54         653.024 -692.98         2054.5
728     500     1247.52         627.04  -724.892        2044.68
729     500     1231.28         640.9   -908.32         2056.51
730     500     1231.11         664.53  -717.803        2077.31
731     500     1187.02         685.751 -723.562        2090.09
732     500     1248.92         667.573 -702.773        2028.43
733     500     1214.3          662.907 -761.188        2062.76
734     500     1204.74         685.29  -730.304        2105.53
735     500     1216.69         689.838 -694.4          2099.49
736     500     1223.36         683.6   -666.424        2161.03
737     500     1185.54         717.501 -855.724        2087.97
738     500     1181.43         682.975 -1013.19        2123.76
739     500     1205.24         648.597 -698.126        2060.08
740     500     1210.45         645.717 -718.335        2074.97
741     500     1173.06         704.529 -724.921        2020.92
742     500     1218.06         649.987 -725.047        2117.49
743     500     1188.02         669.742 -761.965        2085.21
744     500     1236.3          656.785 -947.806        2069.9
745     500     1244.1          633.551 -735.215        2072.8
746     500     1211.1          659.725 -711.628        2176.16
747     500     1241.48         640.268 -693.038        2062.39
748     500     1276.43         662.186 -809.081        2098.13
749     500     1181.18         695.323 -711.719        2063.5
750     500     1252.26         630.764 -674.879        2089.38
751     500     1284.18         597.085 -654.326        2042.57
752     500     1186.29         676.36  -693.783        1992.2
753     500     1285.3          621.391 -713.552        2124.75
754     500     1259.65         655.632 -708.637        2051.67
755     500     1226.01         633.464 -790.395        2106
756     500     1201.84         700.054 -750.714        2117.5
757     500     1242.53         673.25  -838.444        2159.07
758     500     1197.72         677.555 -695.01         2031.89
759     500     1212.81         676.73  -775.977        2086.42
760     500     1251.64         671.097 -751.975        2151.94
761     500     1240.68         660.707 -690.149        2093.47
762     500     1224.6          674.293 -851.877        2013.81
763     500     1274.42         623.35  -723.156        2061.58
764     500     1246.86         668.906 -694.371        2084.12
765     500     1234.99         654.846 -709.999        2025.21
766     500     1250.44         646.456 -695.013        2033.54
767     500     1246.81         673.129 -995.298        2140.12
768     500     1240.93         677.894 -685.028        2071.53
769     500     1257.05         654.653 -765.612        2115.85
770     500     1262.02         624.564 -687.632        2069.31
771     500     1370.78         527.07  -667.93         2133.46
772     500     1283.76         597.048 -775.082        2100.27
773     500     1261.44         690.019 -682.537        2069.63
774     500     1285.39         625.285 -723.542        2051.05
775     500     1281.08         630.724 -835.521        2196.72
776     500     1301.83         656.12  -810.567        2056.29
777     500     1295.38         656.672 -696.287        2192.62
778     500     1304.12         619.91  -986.328        2072.88
779     500     1238.52         675.411 -740.565        2027.86
780     500     1302.9          591.104 -681.244        2052.72
781     500     1245.07         673.774 -685.507        2080.11
782     500     1295.65         629.719 -714.46         2080.15
783     500     1271.14         638.948 -762.621        2072.54
784     500     1253.25         655.668 -710.937        2156.76
785     500     1276.44         655.396 -720.03         2095.36
786     500     1247.19         687.149 -729.722        2021.31
787     500     1219.28         715.535 -902.705        2032.26
788     500     1326.87         624.972 -713.922        2095.54
789     500     1299.78         623.947 -683.574        2030.93
790     500     1324.11         595.063 -708.883        2220.49
791     500     1293.95         659.337 -711.51         2197.65
792     500     1323.8          619.822 -717.631        2101.6
793     500     1274.75         640.79  -699.42         2055.44
794     500     1301.85         625.928 -742.526        2099.25
795     500     1330.96         623.93  -930.729        2063.21
796     500     1334.88         625.056 -698.29         2039.65
797     500     1314.12         623.218 -716.346        2005.7
798     500     1256.19         700.11  -727.811        2071.5
799     500     1273.44         664.535 -735.242        2037.72
800     500     1279.85         658.555 -661.242        2052.95
801     500     1316            628.888 -688.648        2046.71
802     500     1312            603.011 -659.558        2109.89
803     500     1347.67         566.905 -671.492        2103.61
804     500     1342.99         610.293 -676.996        2207.52
805     500     1316.66         616.084 -689.521        2113.52
806     500     1281.12         645.15  -765.35         2161.62
807     500     1293.11         665.173 -790.426        2203.73
808     500     1288.38         659.199 -1451.13        2079.02
809     500     1323.78         659.224 -736.789        2271.67
810     500     1288.78         649.834 -736.024        2041.14
811     500     1368.67         568.861 -953.666        2092.5
812     500     1320.14         655.34  -1024.29        2110.46
813     500     1301.76         684.716 -744.196        2096.29
814     500     1349.71         590.625 -642.193        2130.96
815     500     1307.56         648.101 -674.371        2208.09
816     500     1278.61         657.834 -1006.82        2142.36
817     500     1318.24         637.982 -670.217        2160.03
818     500     1278.82         669.608 -759.745        2126.86
819     500     1278.9          672.487 -744.132        2108.41
820     500     1304.82         606.633 -763.238        2136.91
821     500     1281.64         641.686 -722.464        2038.83
822     500     1289.82         614.485 -692.26         2080.36
823     500     1248.38         704.397 -707.712        2092.52
824     500     1270.65         647.422 -698.875        2122.76
825     500     1342.53         604.495 -694.357        2106.03
826     500     1270.15         656.439 -807.934        2096.7
827     500     1247.45         667.859 -868.531        2083.43
828     500     1225.1          705.607 -726.57         2123.45
829     500     1321.49         621.622 -745.843        2176.64
830     500     1294.91         649.592 -706.965        2102.67
831     500     1316.51         617.649 -708.19         2130.76
832     500     1344.49         614.084 -689.696        2089.65
833     500     1349.17         613.297 -706.6          2090.23
834     500     1268.69         685.918 -706.153        2065.85
835     500     1337.05         631.718 -871.37         2074.56
836     500     1301.43         672.469 -761.921        2114.91
837     500     1353.45         602.787 -682.491        2205.75
838     500     1265.23         683.599 -887.479        2109
839     500     1310.74         656.86  -703.282        2056.62
840     500     1359.31         592.355 -692.071        2070.9
841     500     1362.23         590.1   -705.354        2148.23
842     500     1285.73         687.353 -794.005        2128.44
843     500     1288.39         630.16  -739.011        2100.04
844     500     1315.19         599.575 -712.513        2058.23
845     500     1293.48         660.204 -754.876        2089.71
846     500     1312.74         623.68  -704.704        2045.46
847     500     1279.5          670.728 -744.257        2098.29
848     500     1322.1          642.578 -737.125        2141.39
849     500     1333.28         617.056 -811.517        2087.31
850     500     1286.69         684.477 -740.586        2147.4
851     500     1321.63         626.15  -740.978        2107.4
852     500     1290.75         664.36  -705.557        2020.1
853     500     1332.34         622.694 -780.034        2019.06
854     500     1330.88         657.765 -713.917        2325.26
855     500     1307.39         666.941 -820.145        2158.57
856     500     1326.71         619.92  -665.306        2071.03
857     500     1264.28         686.719 -703.661        2079.55
858     500     1289.37         681.13  -780.839        2124.46
859     500     1332.67         651.809 -749.602        2062.25
860     500     1343.51         634.837 -688.163        2100.7
861     500     1322.61         643.369 -743.694        2107.75
862     500     1296.45         629.453 -785.543        2066.15
863     500     1338.24         615.355 -719.17         2052.97
864     500     1334.82         625.435 -806.555        2116.8
865     500     1262.95         690.653 -739.59         2111.15
866     500     1320.45         646.489 -693.935        2086.79
867     500     1308.81         654.94  -738.306        2200.14
868     500     1311.65         653.104 -810.731        2164.68
869     500     1338.53         623.384 -705.775        2181.66
870     500     1317.17         662.421 -801.068        2169.45
871     500     1272.35         698.968 -745.8          2164.64
872     500     1336.89         629.844 -711.561        2176.22
873     500     1344.09         631.548 -992.124        2097.46
874     500     1329.43         645.522 -681.426        2169.03
875     500     1344.6          628.117 -678.783        2126.52
876     500     1352.6          631.251 -778.52         2132.35
877     500     1327.13         648.234 -969.363        2129.84
878     500     1331.56         678.847 -895.567        2101.24
879     500     1330.74         664.998 -706.129        2138.63
880     500     1380.5          586.271 -686.746        2106.3
881     500     1372.41         608.764 -655.302        2086.37
882     500     1282.12         700.727 -689.32         2207.56
883     500     1344.47         605.594 -690.424        2093.79
884     500     1332.38         662.681 -667.455        2099.64
885     500     1262.68         710.274 -724.119        1999.57
886     500     1371.3          595.811 -709.515        2099.46
887     500     1376.12         597.724 -691.388        2155.21
888     500     1366.74         628.699 -673.875        2143.3
889     500     1328.75         661.374 -697.657        2062.91
890     500     1317.41         651.417 -790.55         2072.11
891     500     1322.38         651.752 -751.152        2086.89
892     500     1310.45         648.789 -925.594        2161.64
893     500     1294.64         694.819 -676.047        2120.78
894     500     1344.96         674.052 -695.273        2183.9
895     500     1303.82         621.641 -976.607        2115.48
896     500     1322.99         652.574 -792.447        2118.16
897     500     1321.71         638.366 -697.407        2151.9
898     500     1361.95         646.12  -770.444        2139.82
899     500     1266.52         703.321 -786.794        2153.66
900     500     1331.09         656.316 -663.908        2007.82
901     500     1290.42         661.124 -705.845        2185.01
902     500     1317.67         654.084 -719.987        2222.39
903     500     1325.57         680.801 -730.959        2076.26
904     500     1323.72         651.952 -692.817        2110.06
905     500     1372.43         627.785 -891.219        2102.51
906     500     1354.15         631.727 -705.782        2124.01
907     500     1349.63         647.882 -684.413        2164.57
908     500     1334.09         658.992 -694.552        2113.49
909     500     1347.59         658.838 -714.282        2093.8
910     500     1339.36         672.61  -692.204        2127.39
911     500     1349.38         681.858 -708.875        2177.27
912     500     1343.95         675.663 -673.632        2158.55
913     500     1349.42         660.147 -699.505        2137
914     500     1397.51         651.262 -775.191        2206.9
915     500     1388.12         625.551 -778.398        2113.23
916     500     1330.13         696.689 -933.564        2157.92
917     500     1377.99         638.093 -693.445        2082.81
918     500     1304.46         660.771 -737.656        2160.79
919     500     1412.72         594.979 -729.352        2143.37
920     500     1397.86         605.057 -728.541        2012.31
921     500     1368.52         631.247 -688.129        2054.65
922     500     1375.71         627.009 -739.482        2228.03
923     500     1320.21         696.661 -669.622        2216.12
924     500     1310.62         693.106 -736.112        2104.1
925     500     1367.57         629.935 -700.137        2124.61
926     500     1321.68         661.093 -678.827        2115.44
927     500     1343.74         633.112 -685.958        2180.43
928     500     1358.64         618.516 -697.537        2181.15
929     500     1349.37         672.76  -697.631        2138.09
930     500     1288.77         714.561 -707.372        2190.86
931     500     1267.31         711.495 -735.307        2117.22
932     500     1298.77         648.82  -679.857        2129.23
933     500     1300.05         677.943 -834.607        2167.54
934     500     1369.25         604.346 -715.772        2110.99
935     500     1348.54         623.765 -680.328        2122.04
936     500     1292.01         695.726 -1013.44        2114.6
937     500     1327.54         669.386 -668.893        2089.7
938     500     1351.24         642.297 -670.655        2155.57
939     500     1331.98         684.199 -1198.23        2205.34
940     500     1330.02         665.263 -720.066        2180.48
941     500     1338.9          642.588 -717.781        2076.12
942     500     1323.85         632.186 -809.835        2139.37
943     500     1349.83         637.303 -806.708        2140.49
944     500     1404.85         604.357 -688.267        2166.77
945     500     1301.13         648.98  -803.286        2208.71
946     500     1371.32         617.232 -626.99         2230.93
947     500     1362.98         636.434 -696.459        2157.77
948     500     1365.46         632.753 -664.476        2120.56
949     500     1340.22         659.904 -881.546        2172.11
950     500     1370.43         608.281 -743.475        2121.17
951     500     1357.8          629.858 -685.814        2068.99
952     500     1333.79         667.901 -709.284        2204.92
953     500     1348.77         633.004 -682.835        2227.78
954     500     1332.96         642.282 -687.743        2206.56
955     500     1395.18         606.371 -708.854        2167.36
956     500     1384.45         636.654 -775.639        2167.21
957     500     1331.17         670.947 -698.588        2085.44
958     500     1355.84         669.65  -1063.48        2242.77
959     500     1331.68         655.875 -690.737        2100.42



