1978    200     767.607         187.248 -107.721        991.92  
1979    200     796.204         144.47  -115.425        972.31  
1980    200     768.035         176.281 -190.789        1028.91 
1981    200     770.934         180.6   14.3126         976.472 
1982    200     742.668         220.595 -472.417        972.268 
1983    200     756.859         205.319 -172.925        989.761 
1984    200     776.117         167.007 -251.506        1009.89 
1985    200     768.015         152.451 -121.448        986.052 
1986    200     772.58          217.98  -811.856        987.785 
1987    200     764.361         168.827 -160.431        1014.84 
1988    200     767.963         201.853 -568.079        998.881 
1989    200     788.633         164.187 -235.695        997.17  
1990    200     758.842         180.477 -206.579        981.119 
1991    200     788.797         144.812 268.914         1029.16 
1992    200     779.849         159.768 17.6912         992.846 
1993    200     786.589         163.329 -30.1634        998.991 
1994    200     780.449         160.901 -5.09325        973.181 
1995    200     749.556         188.979 -66.2519        967.075 
1996    200     780.475         184.274 -390.852        994.419 
1997    200     771.47          166.462 -34.2618        987.867 
1998    200     774.363         175.583 -68.7794        1023.77 
1999    200     764.305         181.078 -91.2639        1011.46 
2000    200     773.877         181.13  -238.557        983.474 
2001    200     784.611         169.713 -309.808        1012.34 
2002    200     768.392         169.173 -167.289        998.553 
2003    200     787.212         144.235 -50.5401        985.633 
2004    200     761.744         183.408 -237.865        977.888 
2005    200     766.215         186.26  -66.3999        955.205 
2006    200     776.441         164.637 -340.877        978.869 
2007    200     779.856         159.068 -202.708        977.626 
2008    200     776.379         175.259 -364.344        1004.2  
2009    200     770.068         162.802 -59.7895        970.288 
2010    200     770.537         182.099 -428.084        971.655 
2011    200     766.734         206.394 -265.549        1004.78 
2012    200     759.653         170.176 -68.8535        976.366 
2013    200     755.227         175.534 -25.9453        1016.44 
2014    200     754.335         207.343 -329.013        981.499 
2015    200     758.103         197.83  -408.485        988.782 
2016    200     773.626         154.94  -61.8746        992.992 
2017    200     766.57          179.393 -378.807        1022.01 
2018    200     768.311         182.943 -177.602        1032.04 
2019    200     744.499         211.24  -484.194        978.202 
2020    200     754.316         194.392 -125.393        1033.68 
2021    200     786.319         124.745 202.403         950.531 
2022    200     768.587         180.998 58.9734         980.357 
2023    200     769.801         216.561 -673.202        1029.65 
2024    200     771.863         196.612 -530.609        974.449 
2025    200     749.671         194.885 -68.9241        1006.42 
2026    200     758.882         179.601 -350.455        1008.54 
2027    200     753.988         193.901 -380.404        986.4   
2028    200     770.81          158.021 11.8059         1036.92 
2029    200     786.363         161.516 7.75845         1001.63 
2030    200     767.064         186.204 -269.876        955.519 
2031    200     771.775         158.84  65.7191         1000.46 
2032    200     743.508         219.217 -768.633        948.652 
2033    200     760.167         180.932 -112.172        991.781 
2034    200     774.81          157.375 128.877         962.305 
2035    200     788.419         155.189 -141.801        1039.15 
2036    200     772.591         166.33  -162.807        971.611 
2037    200     771.677         188.298 -509.754        975.792 
2038    200     754.735         174.905 -271.306        957.944 
2039    200     772.053         165.363 -162.687        974.381 
2040    200     776.909         167.817 -477.503        966.845 
2041    200     771.517         180.403 -256.371        967.235 
2042    200     777.053         170.541 -286.659        1000.68 
2043    200     774.983         175.839 -145.142        1006.06 
2044    200     778.462         174.784 -235.765        997.534 
2045    200     785.246         162.924 -78.495         997.116 
2046    200     767.924         187.086 -8.4585         975.223 
2047    200     763.138         199.45  -475.028        972.126 
2048    200     746.878         197.49  15.3771         972.127 
2049    200     756.983         192.353 -6.23063        969.705 
2050    200     775.35          185.03  -344.702        968.748 
2051    200     792.478         156.219 83.9436         1037.21 
2052    200     771.611         178.086 -120.443        959.493 
2053    200     774.257         159.268 53.1089         984.082 
2054    200     798.907         143.826 123.567         993.295 
2055    200     777.837         193.285 -320.529        996.283 
2056    200     792.001         126.619 249.415         1012.16 
2057    200     764.411         179.484 -79.2269        978.173 
2058    200     775.618         159.531 59.7712         990.441 
2059    200     773.473         176.469 -323.422        1031.83 
2060    200     769.361         208.382 -473.901        995.401 
2061    200     789.626         191.332 -831.93         1026.77 
2062    200     776.465         161.063 2.99368         997.896 
2063    200     772.252         170.783 -206.275        967.534 
2064    200     725.706         243.257 -943.619        979.916 
2065    200     794.366         139.32  181.882         998.883 
2066    200     766.678         178.625 30.8237         1005.3  
2067    200     772.457         170.251 -164.356        1030.63 
2068    200     768.799         198.733 -611.193        965.556 
2069    200     780.559         141.209 242.528         981.164 
2070    200     775.547         183.412 -118.913        979.985 
2071    200     790.14          156.196 -371.448        998.71  
2072    200     785.773         153.075 6.08699         994.713 
2073    200     794.294         145.318 60.2256         1011.85 
2074    200     782.882         169.438 -174.89         961.841 
2075    200     774.444         160.413 173.651         983.461 
2076    200     769.109         196.854 -604.609        1003.71 
2077    200     770.774         216.272 -619.185        1000.73 
2078    200     763.606         199.603 -437.427        974.369 
2079    200     780.3           173.838 -209.744        976.763 
2080    200     785.01          144.897 77.9771         971.818 
2081    200     776.105         191.707 -342.013        999.789 
2082    200     772.274         167.543 -238.52         1024.19 
2083    200     786.621         146.023 63.5421         970.711 
2084    200     792.253         149.052 4.82523         976.937 
2085    200     768.514         168.403 -236.809        991.913 
2086    200     779.923         211.573 -991.626        974.355 
2087    200     798.811         136.793 19.9205         990.392 
2088    200     774.742         183.543 -201.797        1041.68 
2089    200     765.129         173.95  -147.357        1038.21 
2090    200     799.674         131.273 -34.8764        982.621 
2091    200     770.242         185.744 -288.263        964.416 
2092    200     792.775         132.056 125.478         1002.02 
2093    200     780.779         160.962 -78.0316        972.378 
2094    200     771.856         192.042 -115.434        1027.9  
2095    200     794.193         144.953 90.7665         978.161 
2096    200     765.168         208.316 -215.194        980.33  
2097    200     791.045         135.972 208.819         1038.93 
2098    200     767.469         168.352 7.42962         1001.39 
2099    200     778.214         160.032 -481.86         1015.57 
2100    200     778.008         165.515 -233.49         973.763 
2101    200     783.88          176.06  -139.387        1003.25 
2102    200     786.587         137.93  236.099         1027.66 
2103    200     772.397         176.526 -218.137        1050.75 
2104    200     800.369         140.632 -142.238        984.555 
2105    200     781.024         150.739 -123.886        974.975 
2106    200     792.442         157.808 -129.905        1004.38 
2107    200     768.936         200.932 -184.526        982.44  
2108    200     760.709         184.66  -77.3054        989.696 
2109    200     787.56          139.997 229.83          955.128 
2110    200     776.575         147.361 210.433         1002.15 
2111    200     778.842         170.028 -103.99         985.616 
2112    200     775.731         152.873 204.236         988.653 
2113    200     759.658         205.117 -146.557        979.03  
2114    200     778.12          151.487 161.989         1024.7  
2115    200     777.932         161.941 -171.647        954.392 
2116    200     799.725         152.777 3.31866         982.101 
2117    200     778.718         154.404 9.97839         964.088 
2118    200     772.573         192.327 -536.811        985.997 
2119    200     787.389         168.775 -172.327        978.385 
2120    200     783.833         165.589 -73.6987        1004.28 
2121    200     790.325         150.698 71.9068         1004.45 
2122    200     765.602         187.652 -281.333        1007.31 
2123    200     781.945         150.389 164.177         978.744 
2124    200     797.416         133.898 164.949         1033.93 
2125    200     785.871         158.001 -162.94         1001.41 
2126    200     773.257         183.643 -331.889        969.147 
2127    200     792.061         147.09  -57.3131        970.205 
2128    200     806.484         133.994 89.9117         1023.24 
2129    200     801.175         150.848 -55.7599        991.51  
2130    200     812.044         152.414 -262.022        1028.65 
2131    200     794.812         146.307 86.8605         1061.6  
2132    200     780.198         161.115 -206.45         982.61  
2133    200     776.862         168.835 -232.052        1044.1  
2134    200     799.798         123.05  283.03          977.014 
2135    200     787.357         170.434 -286            1038.36 
2136    200     795.4           146.135 -177.017        989.403 
2137    200     792.818         178.435 -661.708        1007.76 
2138    200     770.563         177.152 -11.1469        1009.35 
2139    200     767.89          186.745 -69.1338        975.232 
2140    200     809.178         132.665 179.771         1015.45 
2141    200     812.714         122.725 61.3528         990.655 
2142    200     795.233         154.421 -68.1944        1035.12 
2143    200     785.967         141.747 34.2151         1003.21 
2144    200     810.223         133.742 109.853         989.25  
2145    200     769.454         173.669 59.628          974.958 
2146    200     785.55          160.373 -7.64841        993.609 
2147    200     782.335         164.348 -473.125        977.932 
2148    200     791.732         151.549 -125.062        1000.81 
2149    200     783.863         162.088 8.57821         989.415 
2150    200     771.147         179.953 -491.034        959.536 
2151    200     784.296         180.964 -247.704        1007.27 
2152    200     789.295         150.843 182.929         975.289 
2153    200     768.419         170.099 -31.4468        998.432 
2154    200     784.5           162.604 -400.468        976.896 
2155    200     774.041         181.387 -170.325        991.756 
2156    200     785.144         145.122 122.502         966.974 
2157    200     781.301         140.154 37.2804         946.803 
2158    200     782.534         162.422 -293.363        1032.63 
2159    200     783.441         155.812 -46.1889        1018.74 
2160    200     784.56          151.747 -32.4123        985.727 
2161    200     786.39          173.182 -181.321        998.817 
2162    200     776.591         184.301 -398.046        980.233 
2163    200     778.152         181.079 -240.331        983.96  
2164    200     774.548         166.276 -16.3758        984.404 
2165    200     789.865         142.587 68.3682         982.413 
2166    200     767.814         178.798 -546.254        975.724 
2167    200     790.758         181.175 -142.085        997.687 
2168    200     787.998         155.839 -6.72367        1005.86 
2169    200     775.926         150.657 156.081         981.063 
2170    200     791.714         165.617 -368.288        997.716 
2171    200     772.111         161.696 -145.707        967.303 
2172    200     780.714         185.081 -119.101        1006.57 
2173    200     783.012         168.813 -133.166        981.548 
2174    200     779.938         157.396 -43.7883        978.764 
2175    200     782.359         165.817 67.4478         972.636 
2176    200     778.644         172.263 -36.019         958.34  
2177    200     799.984         144.891 -295.225        986.977 
2178    200     785.677         139.514 153.977         959.376 
2179    200     773.4           192.696 -568.679        971.24  
2180    200     781.165         162.476 123.819         988.341 
2181    200     795.645         161.119 -406.612        1046.22 
2182    200     784.511         168.734 -67.1041        1005.88 
2183    200     777.451         188.264 -304.663        1015.34 
2184    200     781.657         161.851 -51.9228        944.793 
2185    200     773.239         162.473 -20.4003        1021.69 
2186    200     752.4           199.233 -501.287        1023.08 
2187    200     780.26          182.679 -293.604        1000.98 
2188    200     776.497         189.925 -310.104        1048.57 
2189    200     782.587         183.452 -219.225        982.163 
2190    200     794.788         138.176 250.882         1053.55 
2191    200     789.688         159.521 -174.115        983.984 
2192    200     782.577         148.743 -20.0995        981.86  
2193    200     771.132         166.445 -393.014        976.802 
2194    200     791.177         154.133 -215.845        990.278 
2195    200     798.153         130.867 -41.6171        976.805 
2196    200     794.848         134.849 47.4873         975.607 
2197    200     782.51          178.453 -196.956        984.841 
2198    200     802.52          147.194 -96.3197        991.839 
2199    200     770.364         184.731 -325.522        992.729 
2200    200     786.239         144.839 80.4867         978.354 
2201    200     787.503         150.946 -41.572         968.881 
2202    200     788.214         157.933 -39.3968        972.454 
2203    200     775.344         162.996 91.9737         967.257 
2204    200     802.95          149.709 -126.377        1030.23 
2205    200     788.975         144.707 79.3559         1051.56 
2206    200     761.994         202.034 -314.287        986.398 
2207    200     769.231         170.464 -226.831        971.586 
2208    200     775.689         152.945 81.5632         1001.17 
2209    200     780.801         184.99  -364.009        956.398 
2210    200     772.521         187.495 -314.142        957.092 
2211    200     797.333         121.866 268.055         1021.26 
2212    200     774.347         161.69  16.4974         999.082 
2213    200     761.203         187     -333.135        979.119 
2214    200     800.372         141.866 127.526         984.486 
2215    200     781.756         168.767 18.065          968.588 
2216    200     759.203         177.306 -177.53         959.09  
2217    200     773.179         166.619 -40.361         957.694 
2218    200     778.414         163.277 61.9253         1026.76 
2219    200     791.102         154.367 87.7147         969.332 
2220    200     780.445         173.836 -91.482         972.835 
2221    200     783.793         158.923 -60.1982        968.905 
2222    200     760.945         183.797 -22.8014        1017.88 
2223    200     773.367         169.884 -12.889         984.522 
2224    200     769.519         164.327 -83.5691        989.779 
2225    200     775.577         178.821 -19.958         985.47  
2226    200     793.045         149.664 -121.786        969.331 
2227    200     784.597         204.662 -1277.13        996.556 
2228    200     783.413         141.248 98.6753         984.494 
2229    200     780.64          157.34  -211.427        1004.54 
2230    200     760.036         203.318 -449.947        989.863 
2231    200     785.289         170.636 -216.571        985.018 
2232    200     798.67          133.494 198.348         1011.99 
2233    200     775.485         169.834 -369.671        1004    
2234    200     770.027         192.961 -217.397        982.995 
2235    200     765.911         194.696 -233.545        970.32  
2236    200     767.408         213.96  -335.614        994.058 
2237    200     774.821         187.266 -670.62         1001.31 
2238    200     794.771         167.653 -791.05         981.007 
2239    200     787.125         169.919 -453            989.69  
2240    200     782.463         171.893 58.5779         970.419 
2241    200     771.301         194.101 -359.677        1003.08 
2242    200     775.385         171.5   -638.52         1025.91 
2243    200     773.846         182.752 -90.3816        977.983 
2244    200     785.279         183.71  -538.74         1009.57 
2245    200     782.393         168.268 -537.188        994.191 
2246    200     776.377         177.372 -411.295        1043.51 
2247    200     770             167.689 70.4426         966.571 
2248    200     785.033         178.482 -528.041        974.825 
2249    200     779.895         142.843 47.0026         1013.06 
2250    200     775.649         174.592 -431.434        1003.9  
2251    200     796.785         152.643 -152.608        993.875 
2252    200     776.254         209.834 -555.725        960.728 
2253    200     782.755         169.85  -2.56692        959.714 
2254    200     781.328         160.737 -183.486        985.251 
2255    200     762.313         173.023 32.9711         976.729 
2256    200     790.432         172.872 -532.316        989.3   
2257    200     766.462         207.699 -401.201        987.651 
2258    200     783.942         137.101 247.798         996.865 
2259    200     812.21          109.503 248.67          1016.01 
2260    200     767.451         172.634 -245.42         996.018 
2261    200     781.158         160.63  -503.744        1013.44 
2262    200     787.274         150.821 46.5998         1002.38 
2263    200     787.538         148.125 243.807         1003.67 
2264    200     785.801         147.766 98.4486         980.292 
2265    200     762.994         190.993 -656.135        999.719 
2266    200     790.672         166.449 -558.548        993.387 
2267    200     799.139         133.879 107.404         1001.2  
2268    200     781.198         146.447 -82.8058        987.292 
2269    200     752.224         185.576 -305.667        1014.24 
2270    200     773.781         148.99  -31.1615        996.657 
2271    200     777.315         159.488 -327.265        989.534 
2272    200     764.608         176.483 -417.754        976.848 
2273    200     785.947         140.879 163.785         998.116 
2274    200     755.173         185.495 -199.886        969.107 
2275    200     777.584         167.602 -215.207        994.79  
2276    200     765.49          171.368 -190.89         1005.15 
2277    200     801.238         127.792 7.03845         976.972 
2278    200     772.175         188.315 -209.953        1033.86 
2279    200     766.504         167.853 59.0048         979.238 
2280    200     779.576         158.953 45.313          977.409 
2281    200     772.952         188.63  -17.3964        999.509 
2282    200     775.643         183.239 -511.382        997.057 
2283    200     782.613         160.789 -259.859        961.578 
2284    200     760.185         174.313 -224.443        1010.23 
2285    200     770.924         176.37  -319.206        993.602 
2286    200     766.479         211.405 -817.295        970.209 
2287    200     776.283         173.144 -110.469        987.048 
2288    200     806.185         132.431 129.663         1009.97 
2289    200     779.815         156.655 -189.044        999.523 
2290    200     773.36          167.672 28.863          976.3   
2291    200     772.712         183.694 -423.678        997.197 
2292    200     794.239         149.741 -12.5437        985.591 
2293    200     765.386         178.898 -208.557        981.154 
2294    200     797.329         120.526 308.736         976.957 
2295    200     786.747         156.607 56.594          990.343 
2296    200     783.336         172.783 -427.917        993.888 
2297    200     805.368         131.304 62.93           1010.76 
2298    200     785.344         137.803 211.517         1003.94 
2299    200     769.332         163.371 -233.743        964.43  
2300    200     777.677         179.004 -193.51         979.699 
2301    200     753.9           223.203 -979.225        1017.86 
2302    200     757.857         171.343 -333.153        979.424 
2303    200     776.625         157.786 -300.242        991.487 
2304    200     763.029         172.274 -66.8153        995.023 
2305    200     771.101         171.364 -96.1314        992.993 
2306    200     763.623         149.561 3.7909          1009.08 
2307    200     765.594         196.082 -507.07         998.04  
2308    200     765.188         180.762 9.60238         987.143 
2309    200     791.08          146.662 -95.4354        985.683 
2310    200     785.497         140.013 178.363         1027.85 
2311    200     771.973         201.953 -882.276        981.566 
2312    200     767.769         203.465 -839.781        1048.62 
2313    200     761.184         207.124 -485.544        993.117 
2314    200     757.881         176.986 -167.471        971.526 
2315    200     740.966         187.099 -49.7474        978.749 
2316    200     730.771         226.828 -766.44         1017.57 
2317    200     772.302         144.89  255.811         965.05  
2318    200     769.446         156.666 -306.935        993.134 
2319    200     758.917         175.625 -8.03355        976.644 
2320    200     789.225         151.087 113.955         959.861 
2321    200     792.056         165.967 6.67744         972.611 
2322    200     774.344         193.828 -572.747        1012.96 
2323    200     772.05          190.128 -905.352        986.293 
2324    200     723.657         251.778 -627.07         1003.36 
2325    200     769.639         163.346 125.389         999.242 
2326    200     773.128         184.999 -274.776        1007.77 
2327    200     780.515         135.485 139.464         981.926 
2328    200     778.771         174.467 -57.0425        979.017 
2329    200     758.592         196.899 -377.732        978.089 
2330    200     766.727         179.96  -460.05         995.126 
2331    200     763.157         180.961 -110.818        977.978 
2332    200     787.855         173.049 -437.268        1005.26 
2333    200     770.5           175.679 -197.498        998.976 
2334    200     772.912         186.595 -571.619        980.282 
2335    200     770.24          168.901 -176.695        1024.98 
2336    200     767.806         192.213 -430.033        991.106 
2337    200     779.518         169.069 -472.682        997.083 
2338    200     739.299         205.268 -106.246        974.652 
2339    200     766.631         178.946 -117.77         961.756 
2340    200     769.703         152.532 138.813         969.759 
2341    200     767.888         178.495 -73.6028        966.309 
2342    200     751.415         214.847 -555.24         959.262 
2343    200     785.522         158.701 -197.087        992.989 
2344    200     753.25          173.372 -181.506        1032.58 
2345    200     764.621         173.617 -60.2621        970.325 
2346    200     771.944         176.324 -373.72         980.477 
2347    200     769.063         176.967 -197.385        979.178 
2348    200     757.614         172.101 -239.057        963.357 
2349    200     770.837         189.422 -605.22         989.38  
2350    200     784.023         139.303 -63.8639        1026.08 
2351    200     766.852         168.059 -39.35          974.919 
2352    200     789.725         153.186 -348.872        984.034 
2353    200     774.22          155.093 95.2824         977.007 
2354    200     774.985         165.833 -5.24376        983.561 
2355    200     757.66          178.038 -96.6385        979.573 
2356    200     759.103         211.001 -551.776        965.485 
2357    200     783.683         156.053 36.6688         979.125 
2358    200     777.991         150.35  97.0087         998.782 
2359    200     771.278         184.596 -239.982        1035.69 
2360    200     783.748         161.391 -307.684        1014.16 
2361    200     777.307         176.924 -288.686        959.402 
2362    200     765.643         184.445 -920.824        989.139 
2363    200     763.854         186.801 -179.9          957.782 
2364    200     754.712         219.374 -374.503        1001.49 
2365    200     770.096         168.509 -3.77445        968.848 
2366    200     762.901         190.146 -189.864        966.657 
2367    200     764.203         153.945 35.1688         989.167 
2368    200     764.389         170.541 -352.665        982.524 
2369    200     764.384         190.304 -358.695        1052.8  
2370    200     754.256         179.608 1.61571         1000.24 
2371    200     759.115         167.147 89.34           978.107 
2372    200     774.442         152.345 216.046         1006.62 
2373    200     795.465         144.636 -15.8198        1003.9  
2374    200     759.121         174.552 98.6529         1012.74 
2375    200     775.132         168.842 -532.015        960.992 
2376    200     776.445         153.564 -200.108        1020.4  
2377    200     765.245         165.122 -233.716        990.848 
2378    200     743.405         207.157 -465.84         987.265 
2379    200     776.856         160.827 -29.3711        1005.02 
2380    200     747.975         230.297 -568.364        985.965 
2381    200     763.061         196.318 -628.108        1026.61 
2382    200     762.54          164.652 -19.7889        1001.04 
2383    200     769.93          184.809 -518.634        995.857 
2384    200     723.635         223.34  -313.656        978.332 
2385    200     762.641         179.95  -510.984        999.193 
2386    200     762.183         182.906 -337.131        977.744 
2387    200     732.629         195.456 -57.0732        978.975 
2388    200     756.433         183.712 -342.306        982.56  
2389    200     749.264         198.002 -664.777        992.694 
2390    200     767.077         178.845 -412.37         955.316 
2391    200     762.752         181.949 -479.607        974.596 
2392    200     754.784         184.509 -54.3947        998.239 
2393    200     765.723         168.833 -465.06         990.799 
2394    200     750.834         185.218 -22.6724        982.447 
2395    200     769             162.459 -243.998        973.017 
2396    200     758.579         202.597 -540.583        1017.8  
2397    200     772.655         177.07  -54.1179        983.264 
2398    200     729.058         215.433 -124.442        958.91  
2399    200     749.08          210.584 -648.463        1013.21 
2400    200     771.785         184.949 -681.083        976.752 
2401    200     779.737         155.076 -82.7632        1004.4  
2402    200     757.635         189.892 -123.34         985.341 
2403    200     750.719         192.394 -442.198        965.368 
2404    200     771.849         171.185 -283.27         958.713 
2405    200     769.676         167.983 -62.5752        985.715 
2406    200     755.664         200.712 -561.185        951.853 
2407    200     750.21          182.249 -81.325         993.568 
2408    200     793.268         149.18  66.8566         978.702 
2409    200     778.386         148.819 132.685         979.214 
2410    200     760.711         182.873 -289.937        950.93  
2411    200     771.898         166.543 -9.23546        957.932 
2412    200     764.268         210.915 -761.01         1007.72 
2413    200     756.452         193.527 -140.987        1004.85 
2414    200     753.382         180.217 -307.012        963.812 
2415    200     765.907         181.476 -126.042        998.571 
2416    200     752.703         174.297 -512.187        945.074 
2417    200     777.705         152.198 -112.468        994.049 
2418    200     763.558         173.071 -35.7248        990.871 
2419    200     768.82          166.576 -295.101        1053.35 
2420    200     758.634         196.358 -197.551        1005.7  
2421    200     773.381         197.898 -669.084        970.424 
2422    200     775.274         175.338 -102.638        958.074 
2423    200     794.325         143.132 234.285         992.541 
2424    200     763.819         171.641 51.08           1023.75 
2425    200     780.573         143.938 -103.264        1008.83 
2426    200     767.653         180.686 -841.921        1028.1  
2427    200     769.045         178.553 -187.945        958.393 
2428    200     773.904         168.278 -37.9459        1030.22 
2429    200     744.881         197.879 9.4375          985.866 
2430    200     786.576         143.63  -362.477        1027    
2431    200     785.505         147.418 -1.18341        996.649 
2432    200     758.773         184.666 -282.423        1012.97 
2433    200     787.306         150.153 66.2621         1014.69 
2434    200     759.807         190.471 -233.049        1015.52 
2435    200     773.408         144.901 133.365         981.924 
2436    200     761.148         188.21  -167.64         995.74  
2437    200     777.931         167.489 -296.653        986.584 
2438    200     760.154         203.436 -603.644        1040.03 
2439    200     776.551         168.168 -590.224        957.727 
2440    200     759.456         220.959 -1014.6         990.231 
2441    200     770.389         170.931 -173.184        1002.42 
2442    200     766.455         164.898 -76.23          1004.03 
2443    200     788.52          135.299 -52.8646        980.156 
2444    200     758.998         172.779 -14.9164        1004.55 
2445    200     779.381         151.535 -215.802        983.192 
2446    200     764.019         178.437 -51.3482        987.983 
2447    200     769.492         175.137 -546.162        973.424 
2448    200     798.693         140.392 158.12          1018.35 
2449    200     777.166         171.428 -448.351        984.032 
2450    200     789.176         143.395 101.94          997.854 
2451    200     761.39          202.513 -768.935        942.433 
2452    200     757.05          182.959 -273.675        978.262 
2453    200     770.787         184.948 -578.167        991.198 
2454    200     788.869         136.86  315.928         1007.47 
2455    200     765.026         173.961 -66.0437        988.543 
2456    200     785.142         126.129 288.639         1008.03 
2457    200     770.859         167.296 -32.3455        972.058 
2458    200     767.923         155.329 114.467         978.545 
2459    200     783.842         155.52  -65.2142        955.154 
2460    200     786.168         156.871 -222.123        1005.52 
2461    200     761.245         162.184 -108.82         1008.1  
2462    200     753.381         197.839 -828.995        981.569 
2463    200     771.867         169.484 -543.397        994.093 
2464    200     794.22          145.867 -124.799        998.611 
2465    200     780.874         162.436 30.3634         985.617 
2466    200     769.569         171.289 -244.092        1004.19 
2467    200     790.442         156.438 -28.2607        998.624 
2468    200     788.814         150.001 118.348         1017.65 
2469    200     776.609         157.867 102.226         1029.76 
2470    200     784.029         147.862 -176.449        990.393 
2471    200     780.815         153.997 -68.1918        994.957 
2472    200     766.946         188.595 -232.456        982.393 
2473    200     780.783         146.697 136.93          998.73  
2474    200     780.211         164.128 26.6095         998.698 
2475    200     783.972         162.757 48.1651         953.123 
2476    200     759.743         180.08  -581.462        972.767 
2477    200     761.625         181.223 -423.071        964.545 
2478    200     791.066         143.422 47.1401         965.267 
2479    200     784.012         164.868 -394.692        985.809 
2480    200     766.299         198.01  -679.13         992.488 
2481    200     751.976         185.685 -427.171        980.569 
2482    200     790.57          139.721 81.8171         967.169 
2483    200     772.389         159.955 -3.95991        971.279 
2484    200     778.607         171.42  -254.52         1003.37 
2485    200     790.546         153.269 -84.8893        1002.45 
2486    200     788.708         155.309 -79.0725        987.529 
2487    200     774.165         170.353 15.6968         995.89  
2488    200     770.67          159.444 108.421         990.123 
2489    200     787.406         155.575 120.558         987.922 
2490    200     779.803         182.225 -536.287        978.245 
2491    200     760.925         209.678 -454.486        990.357 
2492    200     756.458         184.196 -251.188        1012.12 
2493    200     781.545         172.971 -400.854        991.573 
2494    200     784.91          149.032 -39.6203        981.206 
2495    200     787.145         153.123 -75.0822        979.758 
2496    200     791.85          149.692 -18.9193        973.799 
2497    200     776.94          162.654 -331.598        976.864 
2498    200     779.339         141.945 -4.49459        989.205 
2499    200     774.604         173.579 -257.57         984.208 
2500    200     777.437         163.733 78.6819         1014.25 
2501    200     760.405         189.634 -382.121        1017.64 
2502    200     780.012         151.024 -16.6918        988.082 
2503    200     798.46          157.479 24.0916         1006.95 
2504    200     790.932         159.965 -443.628        964.733 
2505    200     771.689         173.529 -224.118        1040.13 
2506    200     791.127         148.134 80.1418         1005.36 
2507    200     789.618         147.917 -285.088        1030.04 
2508    200     764.439         166.199 -78.6847        989.239 
2509    200     752.627         187.205 -250.276        967.139 
2510    200     773.392         174.964 -117.449        1010.54 
2511    200     787.065         152.418 193.112         1074.26 
2512    200     767.028         175.226 -283.386        978.05  
2513    200     774.795         145.752 -19.3446        1025.51 
2514    200     773.979         163.193 3.93768         1002.35 
2515    200     783.34          147.983 -77.8247        1030.07 
2516    200     772.553         170.906 -364.869        963.898 
2517    200     771.896         169.542 -60.8195        986.655 
2518    200     780.705         158.329 148.965         1013.37 
2519    200     791.954         156.435 3.91248         1015.63 
2520    200     781.68          174.712 -515.407        990.407 
2521    200     765.182         195.264 -234.996        978.127 
2522    200     765.416         178.161 -149.927        981.483 
2523    200     755.762         207.634 -312.531        994.242 
2524    200     772.536         182.743 -412.636        1032.13 
2525    200     782.495         155.852 28.6745         991.979 
2526    200     768.181         141.611 118.13          1015.7  
2527    200     763.72          186.226 -565.173        977.151 
2528    200     783.653         149.134 203.224         962.059 
2529    200     780.881         161.7   -67.6071        1008.34 
2530    200     765.366         185.917 -534.43         1012.69 
2531    200     762.178         183.575 -124.759        1016.51 
2532    200     771.339         168.604 -95.3896        969.908 
2533    200     753.353         200.992 -240.112        987.595 
2534    200     773.959         196.284 -572.447        1002.48 
2535    200     813.074         135.238 78.176          1070.73 
2536    200     774.973         174.297 -127.27         1036.66 
2537    200     783.307         162.479 32.4066         985.372 
2538    200     795.617         149.981 -120.492        998.425 
2539    200     789.599         164.997 -49.9461        962.31  
2540    200     765.713         194.276 -340.088        1029.3  
2541    200     783.121         152.342 13.8961         983.801 
2542    200     772.074         149.427 7.59903         960.854 
2543    200     774.669         162.218 -115.014        974.143 
2544    200     774.814         174.254 18.6159         990.818 
2545    200     797.12          125.472 138.009         1002.74 
2546    200     767.057         174.68  -27.2227        1029.49 
2547    200     783.714         142.152 158.469         988.822 
2548    200     786.754         155.691 -174.858        977.123 
2549    200     780.412         159.57  103.456         1000.26 
2550    200     773.647         166.741 -64.6232        1000.74 
2551    200     758.673         207.561 -623.93         1037.36 
2552    200     763.405         194.618 -530.728        959.327 
2553    200     784.455         154.096 68.6752         1008.21 
2554    200     766.942         157.225 134.936         1010.67 
2555    200     774.279         182.852 -225.217        991.807 
2556    200     781.873         152.555 -38.2915        995.879 
2557    200     766.249         180.979 -315.333        977.541 
2558    200     762.735         206.51  -396.729        972.153 
2559    200     761.329         163.031 -81.6097        962.589 
2560    200     756.513         214.628 -507.212        974.673 
2561    200     780.108         167.765 -258.207        1007.46 
2562    200     775.644         148.024 115.367         1007.02 
2563    200     760.318         176.522 33.3796         983.537 
2564    200     746.844         196.463 -159.794        986.559 
2565    200     761.022         173.307 -108.792        973.391 
2566    200     748.517         201.727 -465.491        989.994 
2567    200     764.139         193.93  -375.072        1003.93 
2568    200     747.987         187.427 -189.183        998.635 
2569    200     769.272         168.258 23.4677         997.987 
2570    200     781.198         147.83  52.821          979.093 
2571    200     783.182         148.199 186.181         1003.36 
2572    200     771.183         155.118 180.389         1010.22 
2573    200     786.112         161.818 -387.923        963.324 
2574    200     762.698         173.551 -79.6546        967.064 
2575    200     766.985         190.187 -332.243        995.87  
2576    200     764.571         175.601 -22.4133        1035.19 
2577    200     772.573         151.251 165.506         966.907 
2578    200     781.203         141.89  152.142         996.16  
2579    200     760.833         173.331 77.7171         1001.99 
2580    200     801.995         130.975 -43.4846        985.829 
2581    200     762.623         186.966 -236.505        980.916 
2582    200     781.303         146.976 55.9645         1018.06 
2583    200     762.065         173.898 -40.2452        983.575 
2584    200     766.591         183.084 1.73728         984.72  
2585    200     786.62          131.614 142.883         991.428 
2586    200     744.06          187.089 -163.239        965.788 
2587    200     746.42          206.347 -287.594        991.437 
2588    200     780.468         175.215 -118.496        1026.5  
2589    200     746.384         201.007 -380.001        981.545 
2590    200     783.477         137.713 200.992         968.925 
2591    200     788.553         153.533 104.177         976.267 
2592    200     765.578         191.28  -429.028        987.83  
2593    200     772.898         189.905 -74.1079        994.257 
2594    200     778.543         150.197 -148.448        995.005 
2595    200     760.628         214.941 -965.942        982.243 
2596    200     769.957         161.877 94.7913         998.58  
2597    200     750.252         192.059 -142.543        992.115 
2598    200     755.712         195.731 -144.88         977.993 
2599    200     758.029         171.337 -147.248        975.113 
2600    200     777.117         175.903 -143.287        955.683 
2601    200     794.462         141.971 62.3216         963.763 
2602    200     781.802         146.225 3.07465         964.568 
2603    200     789.216         148.417 78.7908         974.209 
2604    200     784.964         181.008 -440.326        1004.05 
2605    200     781.953         156.592 27.9447         1035.28 
2606    200     763.206         180.494 -534.298        963.59  
2607    200     758.1           175.328 -268.72         1024.77 
2608    200     795.59          148.596 -99.2878        987.357 
2609    200     786.063         158.552 -289.419        1000.6  
2610    200     762.076         176.287 107.535         957.167 
2611    200     769.764         158.19  35.5286         981.951 
2612    200     766.73          209.571 -875.454        985.389 
2613    200     763.326         168.524 15.6576         975.08  
2614    200     755.038         193.256 -360.83         1012.92 
2615    200     772.66          157.993 -27.3572        989.9   
2616    200     763.431         180.987 -268.81         981.096 
2617    200     777.072         155.134 -3.93187        975.213 
2618    200     766.693         170.989 -332.677        969.334 
2619    200     783.956         138.543 183.726         975.832 
2620    200     756.435         174.746 32.9559         968.243 
2621    200     769.399         173.668 -113.664        976.367 
2622    200     775.795         177.028 -47.6106        967.812 
2623    200     780.361         144.442 43.3643         1001.78 
2624    200     770.849         144.239 247.02          974.299 
2625    200     783.84          124.512 290.009         964.309 
2626    200     798.814         131.491 97.4611         993.951 
2627    200     796.464         122.332 384.368         980.472 
2628    200     762.009         189.56  -326.799        970.894 
2629    200     781.792         154.947 75.0328         988.56  
2630    200     781.976         154.879 54.0453         994.872 
2631    200     791.314         156.299 -61.5706        957.889 
2632    200     782.473         142.518 155.379         991.93  
2633    200     788.735         167.913 -290.565        983.117 
2634    200     771.109         189.362 -451.674        993.838 
2635    200     782.904         164.291 -131.152        1001.13 
2636    200     758.937         202.601 -532.283        988.998 
2637    200     778.248         148.321 145.2           968.89  
2638    200     789.404         172.313 31.8202         1016.28 
2639    200     797.543         167.803 -279.089        986.551 
2640    200     775.136         165.357 -174.618        954.383 
2641    200     780.479         148.699 -85.4432        984.92  
2642    200     754.696         202.857 -272.332        1004.47 
2643    200     774.311         152.335 46.1575         982.747 
2644    200     765.153         181.405 -38.5361        1060.05 
2645    200     760.211         196.427 -99.4741        981.446 
2646    200     780.891         157.972 -7.22102        984.084 
2647    200     755.924         171.565 82.507          991.572 
2648    200     752.833         189.264 -143.908        979.169 
2649    200     751.66          196.701 -354.064        972.807 
2650    200     785.689         147.599 -26.4763        960.941 
2651    200     767.354         213.335 -728.688        988.26  
2652    200     777.484         147.942 214.137         1014.93 
2653    200     779.594         161.104 -418.711        1032.53 
2654    200     761.194         190.763 -263.278        964.295 
2655    200     764.927         176.031 -46.1152        1025.34 
2656    200     782.356         172.104 -176.507        989.352 
2657    200     774.496         168.39  -134.132        958.085 
2658    200     778.047         160.048 -72.973         981.228 
2659    200     778.95          154.948 73.2668         972.139 
2660    200     784.94          147.212 173.76          976.639 
2661    200     745.077         209.688 -159.687        980.46  
2662    200     787.838         145.682 -223.646        994.055 
2663    200     774.282         180.811 -140.693        989.85  
2664    200     751.966         169.559 -194.341        1012.32 
2665    200     777.573         146.434 54.0387         1049.8  
2666    200     762.945         155.011 232.541         958.743 
2667    200     742.751         192.234 -275.019        987.209 
2668    200     767.592         182.678 -517.472        985.757 
2669    200     743.643         200.744 -245.62         951.818 
2670    200     784.267         145.895 -109            1001.12 
2671    200     783.701         157.514 3.30178         1000.67 
2672    200     780.791         160.733 110.045         997.958 
2673    200     774.989         153.314 55.9187         974.524 
2674    200     762.87          168.319 -111.139        948.439 
2675    200     789.905         140.945 59.4686         1002.51 
2676    200     777.045         158.5   -168.486        982.487 
2677    200     764.545         186.317 -512.797        988.392 
2678    200     739.914         221.096 -680.151        975.583 
2679    200     763.495         178.589 -120.731        1004.74 
2680    200     786.367         141.893 145.195         987.249 
2681    200     760.087         196.416 -508.006        979.103 
2682    200     785.463         171.161 -243.608        1005.36 
2683    200     772.744         164.801 77.4735         1042.46 
2684    200     776.266         167.316 -480.576        977.325 
2685    200     772.113         183.408 -363.469        998.186 
2686    200     779.779         159.311 -19.8671        986.498 
2687    200     731.788         247.1   -966.093        999.082 
2688    200     780.379         164.335 -270.423        1021.63 
2689    200     804.65          126.076 -77.9146        1017.74 
2690    200     762.803         199.835 -742.813        989.85  
2691    200     777.181         163.541 -2.8837         1008.69 
2692    200     804.784         123.463 1.96565         975.862 
2693    200     779.853         168.994 -257.225        958.982 
2694    200     767.484         168.708 85.4093         1012.19 
2695    200     776.878         174.792 -189.035        1016.15 
2696    200     794.666         163.487 -242.646        976.046 
2697    200     772.889         145.362 -86.2816        965.867 
2698    200     785.013         142.488 186.299         972.088 
2699    200     787.741         149.264 -71.8479        968.893 
2700    200     767.436         177.275 -179.084        976.968 
2701    200     760.956         178.144 50.3333         978.796 
2702    200     764.439         177.857 -167.893        976.716 
2703    200     780.498         178.361 -454.416        982.98  
2704    200     777.833         144.204 -5.41191        981.231 
2705    200     769.456         182.975 -257.254        961.117 
2706    200     771.114         160.702 160.553         990.106 
2707    200     773.509         174.07  -297.39         982.815 
2708    200     785.748         142.425 -2.33951        1049.92 
2709    200     746.502         198.967 -164.881        963.822 
2710    200     763.942         164.696 -244.252        995.945 
2711    200     769.987         166.85  49.8971         999.991 
2712    200     768.139         161.936 86.9605         977.033 
2713    200     778.347         161.7   -304.039        968.565 
2714    200     791.434         154.825 -178.601        997.78  
2715    200     765.295         177.136 -181.049        990.902 
2716    200     787.881         138.966 211.589         982.72  
2717    200     777.473         156.632 12.2389         1017.8  
2718    200     779.976         160.743 -258.349        1028.62 
2719    200     767.838         176.89  -60.9803        969.657 
2720    200     774.078         145.997 -8.69994        969.706 
2721    200     778.628         150.314 -31.2696        960.496 
2722    200     803.388         132.166 128.694         1014.29 
2723    200     779.532         142.862 67.2336         992.737 
2724    200     768.22          182.022 -485.434        960.644 
2725    200     774.732         161.935 91.1639         1030.39 
2726    200     778.187         156.438 175.263         983.271 
2727    200     767.129         151.925 108.477         974.893 
2728    200     771.332         172.068 -4.10055        1034.34 
2729    200     759.585         172.613 30.6003         977.619 
2730    200     777.794         150.442 -9.95205        974.694 
2731    200     758.282         211.257 -357.284        990.064 
2732    200     751.917         198.33  -287.328        991.597 
2733    200     770.263         165.912 61.5657         959.868 
2734    200     772.358         164.739 -199.927        1012.25 
2735    200     762.324         186.985 -193.457        961.158 
2736    200     777.335         152.069 17.2935         998.585 
2737    200     773.017         160.934 66.9103         978.728 
2738    200     772.232         162.952 131.372         1019.5  
2739    200     767.77          184.873 -339.06         980.478 
2740    200     774.867         175.461 -263.626        970.692 
2741    200     770.74          147.603 59.3003         985.644 
2742    200     765.392         208.55  -291.842        1081.18 
2743    200     756.948         193.605 -329.376        979.482 
2744    200     754.911         202.626 -225.575        986.819 
2745    200     769.969         179.436 -46.3305        1012.12 
2746    200     777.363         160.921 88.0986         999.602 
2747    200     756.821         214.794 -623.561        998.039 
2748    200     765.792         184.254 -261.236        990.518 
2749    200     756.308         205.995 -559.817        1015.78 
2750    200     772.163         184.266 -399.006        1001.95 
2751    200     768.631         192.16  -362.547        949.301 
2752    200     785.493         165.367 -132.806        982.285 
2753    200     757.988         181.079 -75.493         987.017 
2754    200     765.898         171.394 88.1103         1007    
2755    200     773.65          160.063 -409.977        988.546 
2756    200     772.431         161.368 -78.0642        986.802 
2757    200     789.956         143.184 85.3606         987.854 
2758    200     767.328         177.389 -266.659        1036.12 
2759    200     753.555         176.02  -16.5387        1007.66 
2760    200     759.893         189.151 -87.6271        1000.2  
2761    200     776.939         176.499 -697.231        993.745 
2762    200     777.458         153.978 -30.4866        994.57  
2763    200     775.736         168.977 -39.1822        980.572 
2764    200     793.5           147.494 -230.751        982.008 
2765    200     757.923         198.733 -340.433        963.304 
2766    200     776.535         148.429 18.9126         970.874 
2767    200     746.763         192.505 -199.194        1000.37 
2768    200     737.625         206.202 -450.681        1003.63 
2769    200     783.754         155.618 207.077         984.645 
2770    200     766.72          165.074 46.4078         1010.98 
2771    200     752.045         191.535 -539.736        970.398 
2772    200     778.3           185.453 -299.866        977.927 
2773    200     761.332         176.618 -132.011        987.834 
2774    200     761.512         185.003 -36.935         978.755 
2775    200     776.91          178.217 -269.186        995.427 
2776    200     779.51          159.738 -5.19267        979.36  
2777    200     773.236         159.111 -21.0752        983.28  
2778    200     764.966         167.159 -11.9752        959.247 
2779    200     764.571         175.599 -212.19         953.381 
2780    200     775.146         145.778 148.64          976.225 
2781    200     745.634         196.627 -259.338        959.782 
2782    200     788.553         132.854 56.7656         979.844 
2783    200     776.314         163.602 -124.873        996.591 
2784    200     771.681         194.374 -297.542        980.462 
2785    200     757.961         160.794 -18.8634        963.242 
2786    200     773.045         172.329 -23.6938        1002.86 
2787    200     759.08          207.581 -385.501        980.036 
2788    200     757.809         199.74  -398.141        994.477 
2789    200     774.736         144.06  280.963         994.741 
2790    200     790.477         143.075 64.4351         974.402 
2791    200     770.04          179.152 -158.232        976.261 
2792    200     795.492         157.959 118.812         987.512 
2793    200     776.409         171.917 -231.88         974.1   
2794    200     796.052         147.105 48.8624         1011.61 
2795    200     772.58          167.325 -186.945        975.653 
2796    200     796.052         129.34  79.8409         973.985 
2797    200     762.94          223.318 -482.099        997.301 
2798    200     764.348         214.39  -358.96         997.377 
2799    200     773.837         173.192 -201.732        958.015 
2800    200     758.817         171.099 80.3092         965.39  
2801    200     766.749         184.72  -36.3529        986.245 
2802    200     797.334         144.766 125.157         972.989 
2803    200     779.003         175.858 -265.055        972.596 
2804    200     774.954         158.155 -93.7718        998.56  
2805    200     772.805         175.351 -276.561        985.018 
2806    200     784.83          143.808 132.168         954.339 
2807    200     780.85          172.451 -121.607        976.294 
2808    200     760.851         188.889 -595.137        1004.45 
2809    200     746.931         216.311 -203.023        994.409 
2810    200     800.022         130.202 183.662         998.097 
2811    200     800.749         121.578 158.19          999.764 
2812    200     777.843         174.02  -150.584        979.605 
2813    200     783.077         159.941 4.18916         1011.48 
2814    200     777.275         150.886 186.6           1009.77 
2815    200     776.582         191.539 -255.535        1002.53 
2816    200     784.587         132.572 230.53          984.863 
2817    200     782.161         140.285 195.059         968.535 
2818    200     772.007         188.774 -484.367        997.821 
2819    200     770.839         179.842 -68.3323        985.245 
2820    200     780.191         156.937 132.608         1026.98 
2821    200     792.889         142.955 107.427         1004.45 
2822    200     791.945         142.726 -115.332        1004.88 
2823    200     794.208         133.182 189.78          989.822 
2824    200     784.988         171.605 -236.303        1022.19 
2825    200     771.157         187.296 -600.621        961.358 
2826    200     789.867         143.854 -6.49716        994.92  
2827    200     782.418         142.886 103.746         987.697 
2828    200     787.712         159.703 -27.748         1008.03 
2829    200     777.534         179.763 -452.504        1012.43 
2830    200     759.493         164.128 -44.5257        960.93  
2831    200     773.289         156.385 58.7655         1013.07 
2832    200     766.705         178.619 -111.295        975.806 
2833    200     783.422         152.196 137.249         985.878 
2834    200     764.563         181.812 -59.7296        969.476 
2835    200     787.065         151.788 106.761         993.558 
2836    200     772.439         160.717 -206.574        983.429 
2837    200     773.779         166.365 -496.425        991.514 
2838    200     762.352         189.935 -201.633        967.731 
2839    200     793.203         138.034 190.277         972.558 
2840    200     767.044         170.227 -19.6982        976.555 
2841    200     781.666         155.871 11.3968         1054.33 
2842    200     758.23          208.711 -584.489        1001.7  
2843    200     774.244         178.564 -293.559        984.39  
2844    200     768.468         163.704 118.189         992.095 
2845    200     785.608         152.894 -173.828        993.893 
2846    200     777.168         185.161 -133.81         981.53  
2847    200     767.764         177.291 -280.712        986.908 
2848    200     770.25          233.039 -1472.07        996.099 
2849    200     754.309         192.983 -440.509        1011.59 
2850    200     767.177         182.06  -193.631        1004.31 
2851    200     771.767         168.256 -29.9456        1000.63 
2852    200     778.987         192.229 -552.118        999.583 
2853    200     763.618         177.479 -103.35         1003.52 
2854    200     783.512         155.207 -35.3319        970.386 
2855    200     794.089         160.647 94.0156         1050.68 
2856    200     803.514         133.509 -96.8751        1037.4  
2857    200     786.341         141.351 198.322         993.702 
2858    200     781.81          180.586 -501.267        973.844 
2859    200     766.864         165.418 129.045         1014.73 
2860    200     794.118         137.232 142.139         1004.61 
2861    200     798.526         138.893 147.459         981.771 
2862    200     804.017         152.286 -180.387        987.455 
2863    200     765.859         189.47  -485.194        980.172 
2864    200     765.933         174.814 -72.7255        972.915 
2865    200     783.676         156.589 56.9397         996.505 
2866    200     779.415         211.763 -748.876        973.864 
2867    200     769.65          157.147 -50.1174        969.482 
2868    200     793.835         138.892 19.7223         970.746 
2869    200     775.427         154.758 -95.9633        990.081 
2870    200     780.489         139.617 302.465         947.164 
2871    200     782.69          160.788 -293.212        993.785 
2872    200     790.591         135.062 142.026         979.598 
2873    200     777.19          163.926 60.2013         976.728 
2874    200     773.737         186.562 -379.389        997.194 
2875    200     783.496         160.289 69.1785         992.417 
2876    200     772.003         177.516 -100.237        991.618 
2877    200     788.783         141.694 -15.0485        971.891 
2878    200     772.075         161.879 43.4698         997.149 
2879    200     776.821         166.558 -132.755        958.046 
2880    200     800.167         122.37  204.821         983.094 
2881    200     783.437         151.228 36.1862         972.762 
2882    200     787.6           147.788 13.3264         1008.7  
2883    200     792.807         123.304 349.696         975.244 
2884    200     774.893         158.754 -370.918        987.885 
2885    200     793.835         143.361 -42.9414        1020.74 
2886    200     774.718         158.027 209.105         972.326 
2887    200     802.031         143.341 -98.0274        991.316 
2888    200     784.855         174.288 -380.996        995.532 
2889    200     792.943         111.049 369.658         985.05  
2890    200     797.438         139.394 204.9           973.992 
2891    200     782.189         179.671 -306.128        995.589 
2892    200     769.089         185.801 -72.7956        1002.22 
2893    200     768.634         174.464 -107.345        951.334 
2894    200     783.524         145.65  134.12          962.605 
2895    200     781.912         148.226 85.761          1020.53 
2896    200     770.353         172.64  -111.863        976.474 
2897    200     771.2           178.824 -369.679        991.035 
2898    200     788.406         161.294 -4.02786        968.58  
2899    200     771.362         182.309 -62.0441        973.974 
2900    200     769.15          174.644 -219.156        970.573 
2901    200     804.132         120.414 193.178         981.392 
2902    200     784.504         141.672 109.597         986.161 
2903    200     773.508         186.997 -103.829        1008.26 
2904    200     794.17          155.748 24.9559         996.71  
2905    200     782.262         136.017 187.571         959.026 
2906    200     786.894         133.336 219.995         1025.46 
2907    200     805.699         122.394 121.517         1025.67 
2908    200     797.152         147.792 -383.267        972.933 
2909    200     787.147         155.047 -9.95523        965.819 
2910    200     784.808         183.036 -390.693        981.828 
2911    200     751.272         182.372 -218.311        974.47  
2912    200     775.242         167.706 -201.284        963.58  
2913    200     783.869         162.051 -211.865        977.48  
2914    200     796.061         140.24  39.3919         998.923 
2915    200     802.916         129.247 195.508         1009.43 
2916    200     774.178         188.532 -352.798        991.193 
2917    200     799.395         133.55  219.334         971.834 
2918    200     797.662         126.745 325.423         992.753 
2919    200     774.206         163.602 -31.0628        996.02  
2920    200     786.439         162.27  -126.489        1011.93 
2921    200     781.783         189.841 -640.657        1003.31 
2922    200     775.618         157.542 -47.8187        979.863 
2923    200     778.077         159.014 97.2744         977.355 
2924    200     784.757         170.874 -32.4893        1062.74 
2925    200     797.251         140.987 -115.693        974.216 
2926    200     782.53          146.956 221.963         977.249 
2927    200     784.908         156.158 -272.288        1003.96 
2928    200     791.446         130.324 197.279         1013.9  
2929    200     765.403         184.017 -313.605        1015.8  
2930    200     798.874         133.404 -101.769        982.861 
2931    200     782.012         145.277 84.2031         994.854 
2932    200     793.537         136.431 192.8           1034.59 
2933    200     759.196         163.391 85.1505         962.775 
2934    200     786.094         170.905 -28.5695        998.586 
2935    200     783.267         146.284 -53.1328        1015.27 
2936    200     787.102         153.506 138.173         1010.1  
2937    200     770.083         177.829 29.6173         979.114 
2938    200     771.571         168.059 -183.156        1007.17 
2939    200     796.875         127.59  176.991         962.56  
2940    200     777.966         158.744 -50.0943        992.63  
2941    200     773.611         185.014 -248.513        1003.78 
2942    200     793.721         138.886 202.715         976.312 
2943    200     804.132         112.426 244.224         992.858 
2944    200     777.667         175.048 -285.076        999.246 
2945    200     774.151         182.293 -244.848        970.219 
2946    200     760.844         203.627 -656.597        1005.69 
2947    200     777.974         187.361 -711.646        982.592 
2948    200     771.832         190.088 -298.398        1014.33 
2949    200     777.896         174.923 -698.304        983.645 
2950    200     783.083         157.863 -355.615        963.201 
2951    200     795.346         136.133 99.1351         958.924 
2952    200     783.553         147.37  178.178         1010.34 
2953    200     747.966         188.878 36.9577         967.967 
2954    200     765.709         205.659 -635.782        980.284 
2955    200     786.283         161.956 -313.502        970.543 
2956    200     775.529         180.395 -591.553        984.94  
2957    200     771.945         151.584 200.26          977.439 
2958    200     778.422         172.486 -86.0583        989.532 
2959    200     796.136         117.165 234.099         970.284 
2960    200     778.355         177.782 -169.807        965.653 
2961    200     774.165         141.701 -88.342         998.652 
2962    200     796.963         159.879 -124.08         977.874 
2963    200     764.183         198.33  -196.913        999.955 
2964    200     789.63          161.256 112.829         984.923 
2965    200     764.402         186.091 -692.756        984.37  
2966    200     770.039         182.724 -244.555        1024.64 
2967    200     780.248         159.099 44.4233         981.738 
2968    200     785.334         144.286 42.5473         1003.18 
2969    200     778.884         176.94  -160.897        999.679 
2970    200     791.134         151.186 -79.951         992.931 
2971    200     804.651         115.977 253.298         1004.68 
2972    200     791.977         171.63  -193.404        1057.94 
2973    200     770.356         179.804 -85.8011        1044.71 
2974    200     771.03          181.09  -149.259        993.346 
2975    200     784.965         147.204 82.954          966.633 
2976    200     777.541         169.162 -572.569        964.248 
2977    200     811.665         115.162 76.8903         1009.96 
2978    200     764.899         203.053 -275.897        968.357 
2979    200     768.587         176.48  -10.0015        967.553 
2980    200     789.474         152.758 -226.04         993.649 
2981    200     795.07          141.997 -64.6701        974.211 
2982    200     778.294         166.665 -322.059        961.497 
2983    200     776.17          159.116 -45.1079        996.516 
2984    200     792.453         145.614 -18.0458        1012.88 
2985    200     792.201         148.749 41.0306         985.805 
2986    200     793.726         150.679 8.95086         999.954 
2987    200     798.823         144.376 -351.973        1008.33 
2988    200     767.137         178.972 -16.5499        1007.12 
2989    200     789.912         137.309 115.214         978.478 
2990    200     769.37          220.252 -840.569        986.85  
2991    200     781.811         148.608 -98.5774        963.159 
2992    200     771.244         192.589 -512.829        969.507 
2993    200     775.62          161.889 -181.293        1013.74 
2994    200     783.012         133.29  110.617         966.994 
2995    200     795.847         160.159 -82.248         983.357 
2996    200     765.911         160.727 -32.075         956.59  
2997    200     786.5           132.29  160.871         962.896 
2998    200     791.928         145.966 206.467         1011.03 
2999    200     800.223         143.432 56.4616         983.75  
Time elapsed: 35256.334456920624
Number of steps: 34786000

