gen	nevals	avg     	std    	min  	max    
0  	200   	-237.754	473.179	-2010	1070.14
1  	200   	-310.957	522.661	-2199.36	1124.26
2  	200   	-230.813	509.433	-1660.53	1100.83
3  	200   	-253.201	511.081	-1999.38	1299.04
4  	200   	-267.109	457.325	-1614.07	876.595
5  	200   	-236.552	493.172	-1918.16	1337.85
6  	200   	-283.304	432.014	-1893.71	1084.48
7  	200   	-259.948	433.245	-1821.2 	1058.89
8  	200   	-175.811	502.444	-2171.87	1151.38
9  	200   	-303.05 	487.879	-1982.49	1201.17
10 	200   	-350.08 	531.276	-2473.74	856.324
11 	200   	-277.663	508.888	-2117.79	1226.19
12 	200   	-267.271	490.243	-1371.47	1449.03
13 	200   	-210.712	498.224	-1713.07	1155.04
14 	200   	-241.484	580.119	-2479.35	1446.15
15 	200   	-275.947	526.81 	-1885.82	1187.07
16 	200   	-277.951	563.546	-2236.71	1190.41
17 	200   	-223.472	484.522	-1814.46	1176.5 
18 	200   	-253.126	496.787	-1716.63	1226.5 
19 	200   	-279.091	466.181	-1628.81	1064.92
20 	200   	-273.313	562.576	-1903.85	1126.07
21 	200   	-199.246	499.342	-1933.23	1046.26
22 	200   	-239.649	481.008	-1977.69	1121.95
23 	200   	-201.139	521.304	-2109.39	937.569
24 	200   	-225.451	517.366	-1976.04	1132.61
25 	200   	-239.028	499.472	-2245.95	962.37 
26 	200   	-167.375	505.752	-1963.66	1159.27
27 	200   	-235.968	548.653	-2167.62	1118.04
28 	200   	-190.404	498.95 	-2297.93	1147.3 
29 	200   	-136.725	495.616	-1522.73	1090.48
30 	200   	-83.0144	522.46 	-1981.05	1197.68
31 	200   	-103.034	496.605	-2259.7 	1138.09
32 	200   	-92.4552	478.18 	-2106.13	1063.73
33 	200   	-20.109 	475.353	-1452.76	985.377
34 	200   	-4.55707	491.21 	-1629.06	1262.09
35 	200   	18.2601 	502.996	-1755.45	1185.34
36 	200   	80.3314 	489.769	-1527.57	1444.25
37 	200   	147.851 	482.635	-1410.4 	1450.09
38 	200   	152.465 	460.265	-1645.08	1331.62
39 	200   	188.884 	406.345	-1279.32	1140.12
40 	200   	190.067 	450.554	-1634.92	1191.41
41 	200   	227.601 	417.015	-1440.09	1200.41
42 	200   	234.156 	428.201	-1476.49	1275.83
43 	200   	252.738 	426.974	-1273.31	1155.17
44 	200   	229.366 	417.249	-1426.55	1164.97
45 	200   	177.931 	437.503	-2517.64	1200.03
46 	200   	259.149 	433.916	-1259.98	1264.4 
47 	200   	263.255 	420.427	-1545.27	1164.45
48 	200   	325.65  	398.655	-1152.09	1315.15
49 	200   	256.648 	444.11 	-1296.55	1246.6 
50 	200   	324.945 	451.018	-1555.1 	1412.01
51 	200   	293.565 	364.951	-913.738	1197.39
52 	200   	277.437 	388.947	-1502.98	1224.81
53 	200   	303.694 	396.151	-885.701	1194.9 
54 	200   	298.618 	406.077	-1630.29	1214.72
55 	200   	323.883 	428.987	-1379.1 	1486.17
56 	200   	332.158 	386.288	-635.645	1171.89
57 	200   	352.508 	389.325	-1283.85	1147.58
58 	200   	306.631 	409.318	-774.166	1189.59
59 	200   	317.197 	414.343	-769.259	1147.73
60 	200   	405.67  	382.771	-790.343	1203.45
61 	200   	400.482 	383.134	-739.251	1217.49
62 	200   	398.236 	374.289	-722.012	1224.91
63 	200   	427.035 	388.729	-549.068	1227.26
64 	200   	367.165 	431.204	-1645.76	1177.63
65 	200   	408.643 	433.873	-1194.33	1246.79
66 	200   	326.565 	413.068	-712.271	1210.74
67 	200   	436.578 	427.952	-603.903	1231.42
68 	200   	422.485 	404.639	-969.987	1226.47
69 	200   	428.586 	430.804	-504.823	1259.86
70 	200   	421.675 	431.531	-1269.44	1219.89
71 	200   	439.271 	394.276	-568.511	1244.08
72 	200   	462.394 	426.842	-443.98 	1402.94
73 	200   	412.127 	413.471	-584.781	1223.88
74 	200   	395.678 	416.318	-1529.14	1211.18
75 	200   	491.145 	477.012	-2278.84	1302.31
76 	200   	449.71  	418.71 	-557.755	1326.84
77 	200   	445.502 	417.863	-597.216	1175.48
78 	200   	477.363 	405.75 	-586.175	1242.46
79 	200   	523.195 	405.749	-482.269	1234.43
80 	200   	510.72  	418.644	-661.837	1204.11
81 	200   	451.57  	414.099	-648.233	1177.87
82 	200   	472.501 	438.149	-1712.5 	1191.76
83 	200   	451.67  	389.239	-537.558	1281.75
84 	200   	508.487 	398.821	-411.808	1204.63
85 	200   	502.594 	421.804	-662.024	1279.01
86 	200   	485.742 	408.666	-623.072	1293.95
87 	200   	403.701 	361.921	-374.214	1196.82
88 	200   	521.262 	399.155	-415.988	1178.61
89 	200   	525.707 	384.47 	-299.31 	1237.92
90 	200   	537.544 	405.088	-694.96 	1700.35
91 	200   	544.921 	395.028	-434.025	1154.23
92 	200   	587.128 	414.118	-429.98 	1255.97
93 	200   	516.364 	407.941	-343.63 	1206.85
94 	200   	512.73  	398.6  	-353.814	1390.05
95 	200   	588.26  	399.938	-217.712	1272.8 
96 	200   	596.078 	382.466	-339.244	1304.5 
97 	200   	600.845 	406.492	-445.103	1565.92
98 	200   	570.166 	396.419	-480.609	1276.35
99 	200   	602.911 	398.572	-192.079	1208.18
100	200   	563.939 	392.447	-178.953	1229.19
101	200   	541.603 	398.574	-365.648	1228.86
102	200   	568.122 	391.93 	-206.89 	1225.85
103	200   	595.648 	403.218	-645.443	1212.89
104	200   	656.42  	369.856	-219.176	1265.48
105	200   	554.812 	411.764	-233.629	1202.16
106	200   	551.357 	383.71 	-157.028	1388.77
107	200   	563.815 	411.523	-357.768	1283.05
108	200   	595.137 	391.331	-217.466	1238.56
109	200   	604.39  	382.222	-350.893	1202.45
110	200   	626.087 	402.139	-440.872	1288.03
111	200   	607.84  	376.898	-108.41 	1214.65
112	200   	621.492 	389.399	-400.153	1217.97
113	200   	626.439 	392.798	-459.786	1190.6 
114	200   	638.258 	412.491	-512.485	1212.49
115	200   	643.256 	386.003	-228.863	1226.95
116	200   	635.805 	397.818	-317.167	1210   
117	200   	647.451 	373.185	-184.328	1281.03
118	200   	648.965 	388.726	-301.057	1254.16
119	200   	629.61  	371.542	-168.797	1240.81
120	200   	715.923 	376.795	-288.71 	1220.71
121	200   	690.528 	379.964	-18.8516	1243.95
122	200   	675.765 	379.393	-220.765	1246.11
123	200   	694.368 	361.375	-73.6337	1211.47
124	200   	658.573 	402.853	-232.619	1247.84
125	200   	661.083 	371.487	-99.9   	1177.63
126	200   	637.754 	386.373	6.43485 	1229.59
127	200   	708.088 	380.455	-48.4016	1221.03
128	200   	664.45  	369.557	-158.086	1231.56
129	200   	603.085 	376.984	5.75603 	1217.4 
130	200   	646.211 	393.497	-171.055	1261.66
131	200   	688.59  	374.19 	-145.701	1232.49
132	200   	672.918 	384.521	-57.3397	1276.47
133	200   	728.396 	368.955	-196.925	1214.62
134	200   	686.201 	397.803	-106.49 	1252.16
135	200   	695.259 	379.059	-202.44 	1197.34
136	200   	703.029 	379.621	-165.959	1298.59
137	200   	706.379 	364.78 	-60.2113	1290.6 
138	200   	700.378 	383.438	14.0355 	1237.54
139	200   	705.199 	357.903	-120.801	1284.61
140	200   	669.289 	391.889	-175.613	1244.24
141	200   	665.269 	377.5  	-19.7481	1271.66
142	200   	719.054 	376.475	-164.733	1212.6 
143	200   	662.996 	393.758	-399.501	1216   
144	200   	708.643 	383.919	-361.591	1281.77
145	200   	634.443 	396.681	-127.742	1220.43
146	200   	708.37  	371.165	-134.134	1183.77
147	200   	634.669 	403.556	-115.34 	1227.05
148	200   	665.291 	390.962	-200.201	1240.27
149	200   	773.698 	377.075	-516.154	1238.19
150	200   	701.208 	380.749	5.41277 	1275.11
151	200   	717.501 	387.195	-82.2437	1281.22
152	200   	701.36  	368.531	-1.32022	1252.85
153	200   	696.547 	370.711	-6.21578	1229.8 
154	200   	708.18  	372.427	-75.1508	1256.88
155	200   	645.836 	372.902	-74.9359	1265.23
156	200   	728.631 	367.82 	-99.328 	1222.88
157	200   	729.51  	382.765	-395.729	1184.57
158	200   	775.84  	339.717	-9.41506	1271.43
159	200   	734.732 	373.52 	-170.07 	1243.28
160	200   	728.387 	378.582	-196.564	1292.74
161	200   	732.079 	364.546	-148.525	1308.1 
162	200   	694.902 	372.097	-2.01324	1266.41
163	200   	678.517 	402.185	-158.93 	1261   
164	200   	759.385 	383.746	16.6015 	1291.13
165	200   	752.596 	368.913	2.44965 	1290.86
166	200   	732.273 	384.097	-407.623	1241.19
167	200   	743.91  	358.352	-194.69 	1283.56
168	200   	730.613 	346.85 	4.61925 	1291.6 
169	200   	700.422 	385.448	-392.526	1262.02
170	200   	726.616 	392.396	-355.714	1245.12
171	200   	694.254 	359.398	-12.0436	1328.76
172	200   	716.801 	368.569	-40.4254	1212.94
173	200   	686.422 	378.656	-78.6825	1211.29
174	200   	725.728 	350.133	-40.1888	1264.74
175	200   	708.938 	364.435	-481.088	1349.66
176	200   	703.623 	366.95 	-569.889	1243.59
177	200   	688.3   	374.703	-207.819	1248.95
178	200   	695.087 	395.46 	-778.069	1227.04
179	200   	696.685 	352.552	-703.665	1238.02
180	200   	761.42  	358.876	-325.178	1223.13
181	200   	687.76  	366.516	-76.1375	1225.85
182	200   	724.76  	365.817	-139.745	1178.65
183	200   	725.707 	374.44 	-66.3097	1233.62
184	200   	769.363 	362.686	-130.771	1249.16
185	200   	648.045 	389.07 	-150.12 	1200.82
186	200   	731.831 	385.895	-190.881	1234.78
187	200   	712.355 	393.365	-160.753	1224.22
188	200   	694.096 	365.784	-374.017	1258.85
189	200   	731.168 	384.339	-981.546	1337.92
190	200   	714.582 	387.868	-494.968	1285.64
191	200   	647.688 	397.053	-137.336	1242.3 
192	200   	705.552 	372.565	-21.3587	1246.17
193	200   	671.006 	367.488	-43.0297	1270.34
194	200   	696.399 	375.033	-70.4006	1202.44
195	200   	664.493 	362.954	-97.4312	1212.57
196	200   	692.604 	374.639	-61.6226	1229.11
197	200   	674.227 	379.393	-49.2301	1198.02
198	200   	727.964 	373.686	-141.165	1276.44
199	200   	728.869 	359.387	8.28192 	1263.44
200	200   	669.187 	381.398	-57.5486	1265.12
201	200   	712.063 	374.137	-33.1961	1334.48
202	200   	725.141 	370.339	-182.328	1249.64
203	200   	665.015 	387.775	-365.601	1213.76
204	200   	704.486 	360.883	-66.5648	1475.39
205	200   	716.515 	379.354	-390.27 	1210.81
206	200   	693.431 	383.647	-237.894	1281.41
207	200   	642.786 	377.914	-234.258	1289.98
208	200   	640.461 	354.063	-221.828	1198.46
209	200   	738.624 	371.368	-174.117	1276.92
210	200   	745.608 	358.459	-88.262 	1234.17
211	200   	678.955 	364.002	-200.649	1250.45
212	200   	750.16  	350.139	-88.085 	1246.54
213	200   	710.209 	368.203	-189.223	1243.5 
214	200   	711.983 	372.313	-487.257	1230.66
215	200   	748.717 	360.071	-150.005	1219.48
216	200   	709.854 	348.462	-157.949	1247.68
217	200   	737.916 	361.614	-181.257	1298.41
218	200   	717.215 	358.416	-8.74565	1214.43
219	200   	781.405 	344.971	0.791602	1224.87
220	200   	751.178 	362.809	9.36579 	1253.64
221	200   	754.607 	358.7  	24.8961 	1216.07
222	200   	724.597 	363.725	-126.997	1250.89
223	200   	751.457 	345.452	4.64845 	1281.83
224	200   	799.925 	325.83 	78.1599 	1227.77
225	200   	721.817 	378.595	-384.389	1264.59
226	200   	772.263 	349.694	-71.739 	1223.52
227	200   	727.821 	371.328	-7.47813	1223.72
228	200   	702.952 	377.099	-11.2505	1247.21
229	200   	767.659 	363.581	-1.70257	1265.04
230	200   	789.426 	348.654	-2.72384	1249.08
231	200   	765.062 	354.852	-18.9945	1252.85
232	200   	757.502 	352.025	17.2287 	1215.29
233	200   	777.38  	350.813	-169.097	1264.81
234	200   	789.03  	345.073	-115.164	1203.69
235	200   	778.141 	357.201	-4.14802	1268.62
236	200   	741.999 	360.301	-4.72776	1221.63
237	200   	767.922 	342.114	34.9561 	1254.61
238	200   	776.659 	337.123	40.2815 	1218.24
239	200   	766.894 	363.289	-691.481	1255.12
240	200   	785.577 	338.635	-260.524	1247.13
241	200   	688.889 	350.488	-232.668	1239.51
242	200   	796.637 	333.303	-4.58677	1260.01
243	200   	780.68  	352.961	-40.0372	1257.56
244	200   	763.226 	351.867	-236.782	1257.92
245	200   	763.887 	357.658	-31.5404	1250.93
246	200   	797.19  	345.777	-84.8474	1273.97
247	200   	718.051 	376.018	1.93066 	1255.52
248	200   	788.723 	350.059	10.9152 	1277.22
249	200   	766.841 	364.388	-72.1584	1311.89
250	200   	764.035 	366.283	-575.857	1244.27
251	200   	781.182 	359.824	-141.45 	1270.98
252	200   	796.678 	340.441	-6.60695	1296.02
253	200   	787.749 	335.777	1.79251 	1249.47
254	200   	773.014 	351.52 	-107.071	1321.4 
255	200   	734.081 	370.076	-490.089	1298.51
256	200   	791.07  	369.839	11.6143 	1316.98
257	200   	718.797 	378.803	-776.654	1359.15
258	200   	784.716 	355.65 	13.5452 	1333.44
259	200   	713.47  	361.092	11.4053 	1262.41
260	200   	693.365 	388.681	4.3307  	1311.41
261	200   	718.023 	370.627	-20.0439	1293.89
262	200   	735.289 	363.04 	-97.9074	1278.77
263	200   	714.327 	356.254	-80.5616	1282.19
264	200   	744.895 	367.79 	3.80402 	1397.19
265	200   	716.853 	383.591	-121.061	1342.44
266	200   	664.41  	370.621	-433.196	1381.16
267	200   	731.912 	398.842	-423.574	1481.87
268	200   	646.684 	383.59 	-488.332	1443.1 
269	200   	717.99  	396.16 	-550.428	1439.21
270	200   	685.511 	372.758	-183.401	1470.68
271	200   	739.177 	387.417	-19.1536	1400.65
272	200   	735.743 	399.231	-537.446	1676.06
273	200   	673.93  	398.042	-548.331	1312.04
274	200   	743.912 	384.525	-443.478	1459.45
275	200   	741.153 	389.835	-481.881	1476.72
276	200   	695.944 	381.762	-23.6022	1402.97
277	200   	701.422 	391.388	-733.872	1558.77
278	200   	749.749 	390.571	-368.369	1918.7 
279	200   	670.285 	374.277	-24.658 	1408.11
280	200   	699.964 	412.872	-350.49 	2018.42
281	200   	723.038 	414.047	-394.284	1468.48
282	200   	704.919 	439.97 	-469.537	1459.21
283	200   	773.678 	423.278	-557.397	1797.95
284	200   	605.119 	462.291	-619.288	1813.47
285	200   	708.416 	435.719	-605.087	1641.66
286	200   	698.699 	462.405	-1086.56	2178.61
287	200   	585.471 	530.976	-2072.41	1780.4 
288	200   	692.108 	435.34 	-950.331	1474.82
289	200   	675.35  	500.82 	-1887.27	1720   
290	200   	669.78  	500.495	-1405.31	1922.6 
291	200   	658.491 	483.796	-1822.99	1999.89
292	200   	710.007 	511.313	-1155.89	2049.09
293	200   	635.56  	535.309	-1642.7 	1758.93
294	200   	689.356 	543.042	-2430.42	1835.97
295	200   	701.127 	465.907	-643.357	1667.26
296	200   	732.148 	447.616	-909.374	1758.6 
297	200   	640.323 	486.745	-1119.08	1465.43
298	200   	617.85  	597.887	-2293.06	1560.47
299	200   	711.245 	504.522	-1729.35	1657.43
300	200   	673.034 	557.512	-1903.53	1839.56
301	200   	744.885 	490.357	-874.292	1643.81
302	200   	633.359 	589.592	-2297.79	2054.22
303	200   	684.653 	548.816	-2161.27	1822.43
304	200   	698.568 	511.061	-1099.91	1884.63
305	200   	698.19  	512.904	-1674.82	1986.87
306	200   	679.311 	551.743	-2398.89	2023.01
307	200   	770.94  	516.812	-1723.27	1938.96
308	200   	737.89  	471.873	-712.516	1687.71
309	200   	740.111 	509.329	-936.715	1933.53
310	200   	826.256 	473.707	-583.095	2072.93
311	200   	755.737 	510.089	-1865.26	1895.69
312	200   	814.717 	492.058	-1485   	1740.19
313	200   	718.168 	539.319	-1792.41	2106.06
314	200   	783.645 	530.173	-1610.76	2158.83
315	200   	740.996 	538.63 	-1436.43	2078.1 
316	200   	805.363 	501.079	-1050.09	2035.14
317	200   	735.714 	592.42 	-1441.54	1738.98
318	200   	683.157 	570.232	-1946.84	1844.43
319	200   	783.973 	534.799	-1332.79	1940.35
320	200   	826.307 	528.742	-894.733	2114.22
321	200   	855.976 	589.709	-959.555	2051.84
322	200   	805.077 	532.367	-1011.93	1853.59
323	200   	820.862 	600.764	-2109   	1936.42
324	200   	813.76  	569.155	-1452.99	2103.26
325	200   	860.939 	584.121	-1610.58	1968.72
326	200   	833.262 	572.642	-1119.42	2013.3 
327	200   	801.269 	513.685	-594.323	1991.18
328	200   	819.111 	533.182	-724.494	2076.76
329	200   	848.773 	510.102	-1100.04	1908.68
330	200   	824.412 	563.453	-1271.13	1945.62
331	200   	806.991 	577.044	-1237.54	1797.03
332	200   	808.135 	577.422	-821.764	2253.22
333	200   	870.445 	591.186	-982.002	2028.51
334	200   	764.303 	553.698	-1172.74	1902.96
335	200   	729.805 	568.737	-917.861	2035.91
336	200   	798.669 	510.98 	-852.438	1887.99
337	200   	802.456 	524.912	-930.351	1922.17
338	200   	781.845 	595.331	-1004.56	2100.17
339	200   	862.302 	581.961	-1082.64	2193.83
340	200   	748.854 	635.286	-1601.59	1971.9 
341	200   	845.751 	556.246	-472.43 	2078.67
342	200   	780.21  	593.137	-1262.55	2047.61
343	200   	794.758 	610.403	-2144.81	1936.81
344	200   	800.032 	609.832	-1085.03	1924.59
345	200   	737.059 	683.138	-1406.44	2152.03
346	200   	798.652 	619.392	-875.905	2159.07
347	200   	735.985 	659.651	-1841.94	2126.76
348	200   	693.58  	663.093	-1916.52	1911.3 
349	200   	757.332 	599.419	-1467.92	1820.21
350	200   	747.16  	558.685	-733.901	1937.78
351	200   	842.802 	562.871	-1169.36	2112.95
352	200   	732.122 	606.875	-2115.12	2016.66
353	200   	869.366 	547.251	-592.946	2193.19
354	200   	788.124 	619.955	-1167.97	2171   
355	200   	808.049 	645.649	-1824.15	2034.92
356	200   	794.146 	615.141	-1356.24	1940.91
357	200   	757.544 	567.925	-990.516	2193.11
358	200   	782.005 	549.878	-1621.37	2048.49
359	200   	839.324 	585.744	-1282.45	2044.95
360	200   	861.357 	529.576	-751.696	2203.94
361	200   	743.331 	537.325	-1099.72	1838.85
362	200   	803.592 	589.705	-1177.71	1918.03
363	200   	812.971 	567.195	-1146.13	2016.91
364	200   	824.932 	571.66 	-1838.41	1982.9 
365	200   	785.21  	524.982	-952.195	1810.3 
366	200   	891.138 	493.465	-390.48 	2009.36
367	200   	924.611 	534.747	-967.013	2080.31
368	200   	808.07  	506.599	-501.694	1878.94
369	200   	751.437 	555.937	-1247.91	1987.93
370	200   	817.384 	544.717	-629.402	2194.21
371	200   	866.502 	529.613	-953.89 	1968.59
372	200   	831.992 	564.644	-878.362	2155.11
373	200   	868.529 	544.433	-1052.02	2238.19
374	200   	814.94  	575.31 	-1077.16	2120.26
375	200   	881.836 	584.304	-1605.84	1790.55
376	200   	755.057 	627.437	-1863.46	2157.16
377	200   	856.419 	584.879	-990.867	2047.53
378	200   	891.527 	590.104	-1524.62	2186.95
379	200   	841.677 	572.632	-1515.09	2182.43
380	200   	848.151 	598.37 	-957.91 	2191.18
381	200   	902.807 	667.411	-1683.07	1979.86
382	200   	801.54  	581.644	-1072.85	1927.61
383	200   	861.653 	649.17 	-1700.57	1997.17
384	200   	869.315 	678.266	-1829.66	2162.45
385	200   	777.726 	691.619	-2280.83	1973.02
386	200   	732.828 	673.058	-1609.42	2056.77
387	200   	840.739 	695.085	-2387.93	2004.07
388	200   	800.359 	672.157	-1859.03	2196.9 
389	200   	818.106 	629.812	-1087.35	2152.45
390	200   	887.785 	657.77 	-2455.82	2100.45
391	200   	841.776 	624.525	-1204.05	2230.03
392	200   	738.476 	582.911	-1422.48	1965.68
393	200   	838.734 	645.908	-1466.15	2255.6 
394	200   	896.134 	639.373	-1431.9 	2089.88
395	200   	852.1   	658.619	-1502.9 	2178.5 
396	200   	811.363 	578.231	-1057.84	1977.95
397	200   	859.709 	689.188	-1731.55	2115.17
398	200   	808.474 	692.023	-1783.96	2140.41
399	200   	826.693 	664.714	-1667.48	2161.02
400	200   	897.906 	651.228	-1671.77	1988.71
401	200   	886.014 	613.918	-1251.23	2092.21
402	200   	880.561 	632.097	-1510.18	2118.32
403	200   	822.986 	692.556	-1738.7 	2092.68
404	200   	924.083 	669.338	-1023.42	2209.26
405	200   	822.705 	653.259	-907.015	2067.01
406	200   	913.569 	671.133	-1029.63	2148.89
407	200   	894.422 	735.476	-2177.67	2209.87
408	200   	895.647 	657.562	-1631.83	2080.76
409	200   	946.252 	680.256	-1642.72	2090.91
410	200   	826.942 	704.853	-1448.17	2177.5 
411	200   	842.594 	701.774	-1343.08	2157   
412	200   	854.317 	634.059	-2108.09	1999.98
413	200   	843.776 	672.219	-1476.7 	2148.44
414	200   	856.268 	672.978	-1784.67	2110.48
415	200   	894.647 	651.35 	-1958.85	2141.11
416	200   	849.715 	692.717	-1691.73	2194.19
417	200   	950.992 	643.646	-984.202	2228.82
418	200   	828.989 	694.949	-1589.71	2191.9 
419	200   	908.814 	599.654	-1416.61	2104.3 
420	200   	958.822 	672.846	-1074.41	2151.09
421	200   	949.322 	638.763	-1789.92	2175.78
422	200   	889.745 	709.369	-2088.59	2126.48
423	200   	874.417 	610.247	-1064.9 	1933.57
424	200   	876.548 	667.978	-1751.88	2186.98
425	200   	771.226 	667.312	-1154.75	2228.44
426	200   	792.382 	661.339	-1441.48	1990.31
427	200   	817.084 	664.025	-2050.27	1986.02
428	200   	919.231 	605.772	-705.8  	2212.09
429	200   	902.12  	588.783	-1793.82	1968.51
430	200   	873.303 	686.072	-1638.74	2118.28
431	200   	845.071 	651.74 	-1576.58	2086.94
432	200   	949.491 	594.009	-641.887	2214.91
433	200   	828.46  	677.942	-1591.26	2041.63
434	200   	868.877 	719.547	-2140.91	2242.99
435	200   	855.93  	653.495	-1463.77	2061.53
436	200   	833.275 	668.918	-1869.61	2197.06
437	200   	907.187 	657.142	-2540.44	2093.53
438	200   	862.726 	567.826	-944.943	2224.28
439	200   	870.687 	660.777	-1408.09	2262.52
440	200   	874.954 	606.099	-988.955	2410.84
441	200   	852.124 	628.238	-1667.2 	2033.44
442	200   	895.922 	560.455	-836.623	2159.65
443	200   	944.506 	561.563	-1446.92	2030.94
444	200   	936.73  	618.842	-1451.27	2195.51
445	200   	979.563 	559.087	-520.805	2203.09
446	200   	918.257 	633.569	-980.971	2143.05
447	200   	914.726 	603.015	-823.291	2185.77
448	200   	925.512 	643.971	-1039.6 	2121.95
449	200   	923.241 	563.051	-662.011	2020.29
450	200   	855.838 	645.643	-2599.87	2062.71
451	200   	976.857 	597.221	-1319.5 	2160.75
452	200   	935.349 	621.304	-1072.69	2253.91
453	200   	892.141 	625.876	-1399.75	2158.52
454	200   	921.836 	587.766	-462.658	2162.01
455	200   	820.915 	639.125	-1581.35	2091.87
456	200   	834.946 	557.866	-428.099	2018.72
457	200   	955.018 	572.693	-747.583	2230.82
458	200   	893.771 	603.586	-1501.45	2192.87
459	200   	892.188 	625.59 	-1410.46	2124.67
460	200   	866.973 	585.056	-2047.89	2146.13
461	200   	834.242 	595.59 	-1255.79	2233.51
462	200   	965.735 	547.842	-188.979	2078.6 
463	200   	902.283 	574.485	-546.523	2034.41
464	200   	981.125 	571.572	-582.978	2192.9 
465	200   	902.836 	621.542	-1664.43	2220.88
466	200   	929.857 	537.74 	-184.147	2108.29
467	200   	968.085 	549.708	-827.897	2217.29
468	200   	831.546 	568.852	-767.205	2059.31
469	200   	877.44  	622.72 	-1116.02	1987.12
470	200   	923.827 	576.308	-1023.12	2069.54
471	200   	886.901 	581.641	-1546.83	1972.54
472	200   	1022.68 	553.028	-411.825	2210.95
473	200   	988.066 	524.161	-185.424	2039.11
474	200   	949.719 	579.469	-968.102	2120.24
475	200   	951.623 	558.973	-1208.59	2238.24
476	200   	922.018 	585.528	-427.13 	2079.14
477	200   	1001.89 	545.874	-577.706	1994.02
478	200   	944.56  	586.736	-414.778	2062.68
479	200   	916.953 	552.607	-631.784	2048.37
480	200   	864.193 	623.976	-1093.05	2207.34
481	200   	996.133 	593.464	-933.252	2218.85
482	200   	958.921 	574.351	-380.299	2195.53
483	200   	953.674 	578.045	-903.985	2143.08
484	200   	919.013 	577.858	-1087.92	2203.85
485	200   	974.15  	594.017	-912.926	2177.2 
486	200   	895.872 	584.87 	-642.624	2190.95
487	200   	890.721 	552.662	-528.11 	2247.27
488	200   	948.721 	568.553	-1676.28	1971.05
489	200   	920.675 	548.769	-458.544	2006.56
490	200   	907.533 	609.416	-2018.31	2099.95
491	200   	978.823 	614.58 	-2078.18	2174.26
492	200   	948.897 	607.002	-930.008	2253.45
493	200   	922.448 	587.503	-931.727	2104.74
494	200   	896.32  	613.535	-1673.94	2035.57
495	200   	995.499 	655.704	-1721.54	2335.63
496	200   	903.53  	630.024	-1120.2 	2187.9 
497	200   	908.703 	604.846	-1313.02	1979.4 
498	200   	956.33  	590.03 	-803.921	2220.76
499	200   	842.799 	597.279	-1098.98	2000.75
500	200   	862.927 	571.936	-1641.26	2023.92
501	200   	843.035 	610.009	-1672.6 	2040.56
502	200   	925.356 	584.01 	-1497.34	2165.09
503	200   	951.778 	581.827	-751.141	2204.16
504	200   	947.299 	642.634	-2125.91	2100.9 
505	200   	957.783 	597.549	-1082.58	1948.29
506	200   	985.822 	613.238	-1402.68	2195.02
507	200   	974.475 	625.37 	-1575.08	2096.88
508	200   	971.965 	643.654	-2482.44	2211.27
509	200   	915.35  	669.086	-1706.51	2139.41
510	200   	876.115 	616.614	-1377.56	2128.22
511	200   	891.272 	607.517	-1085.12	2070.59
512	200   	1001.1  	572.339	-904.506	2018.56
513	200   	920.231 	624    	-1828.01	1903.62
514	200   	915.911 	604.56 	-867.78 	2184.28
515	200   	928.021 	654.019	-1622.59	2052.86
516	200   	976.8   	570.109	-793.349	2180.46
517	200   	898.076 	703.499	-1610.74	2149.38
518	200   	910.814 	576.217	-1226.32	2191.05
519	200   	960.578 	576.85 	-1859.05	2176.64
520	200   	895.633 	570.339	-1060.01	2191.41
521	200   	917.707 	570.99 	-1110.61	1972.37
522	200   	950.028 	548.567	-331.244	1976.72
523	200   	947.988 	566.083	-931.044	1973.81
524	200   	852.7   	648.139	-1735.89	2192.69
525	200   	959.021 	609.82 	-1784.91	2173.64
526	200   	937.005 	547.007	-167.709	2169.94
527	200   	964.947 	604.663	-1348.93	2238.57
528	200   	902.935 	618.159	-1261.06	2076.63
529	200   	978.794 	563.358	-618.125	2039.52
530	200   	893.524 	619.14 	-918.844	2130.45
531	200   	980.112 	590.395	-1648.36	2111.41
532	200   	910.329 	627.527	-1468.02	2040.9 
533	200   	1038.89 	557.319	-563.047	2256.89
534	200   	951.8   	606.778	-1519.97	2256.35
535	200   	970.601 	584.908	-1741.07	2215.59
536	200   	904.652 	609.101	-874.337	2084.81
537	200   	956.411 	635.718	-1113.94	2250.85
538	200   	916.933 	634.062	-1054.78	2130.15
539	200   	903.994 	617.144	-1393.25	2171.21
540	200   	862.768 	629.875	-2051.35	2105.71
541	200   	906.041 	647.437	-1687.83	2204.52
542	200   	890.787 	636.618	-2093.81	2015.35
543	200   	874.887 	589.246	-877.172	1990.72
544	200   	922.199 	613.812	-846.552	2017.59
545	200   	869.746 	590.69 	-691.594	2290.45
546	200   	876.518 	658.38 	-1350.22	2275.83
547	200   	948.299 	619.331	-1031.77	2051.67
548	200   	876.325 	679.73 	-1931.42	2009   
549	200   	877.946 	623.696	-774.931	2028.06
550	200   	918.285 	579.996	-1008.3 	2003.72
551	200   	859.683 	642.331	-1423.47	2135.83
552	200   	907.156 	668.088	-1607.08	2273.81
553	200   	913.622 	630.199	-1818.22	2168.93
554	200   	968.739 	593.035	-714.249	2180.24
555	200   	935.293 	591.459	-1046.67	2056.44
556	200   	881.722 	599.795	-815.661	1932.15
557	200   	981.096 	616.076	-1658.16	2122.95
558	200   	930.496 	595.12 	-1888.76	2161.12
559	200   	905.779 	627.663	-1748.23	1985.43
560	200   	891.75  	701.301	-1873.72	2160.32
561	200   	929.777 	626.149	-1828.64	2250.99
562	200   	962.04  	567.568	-608.618	2246.02
563	200   	848.472 	656.241	-1684.68	1994.24
564	200   	929.889 	634.304	-1522.68	2216.08
565	200   	863.689 	634.172	-1615.47	1937.96
566	200   	873.653 	626.225	-989.379	2138.74
567	200   	979.803 	568.443	-574.982	2172.41
568	200   	953.671 	571.511	-987.744	2083.18
569	200   	964.581 	652.07 	-1465.63	2307.55
570	200   	878.522 	628.845	-1098.34	2147.34
571	200   	917.831 	682.815	-1493.79	2163.02
572	200   	914.239 	610.188	-1385.42	2054.38
573	200   	855.071 	654.446	-1760.39	2196.91
574	200   	991.189 	629.518	-1024.12	2131.92
575	200   	904.285 	596.746	-1167.81	1996.23
576	200   	921.427 	611.309	-1337.56	2056.52
577	200   	939.235 	573.982	-845.875	2201.6 
578	200   	993.006 	541.002	-84.7198	2192.75
579	200   	925.158 	581.805	-556.345	2197.52
580	200   	954.831 	603.232	-1536.43	2266.98
581	200   	989.618 	571.339	-899.98 	2127.77
582	200   	906.522 	582.373	-1012.5 	2158.47
583	200   	897.443 	562.228	-757.312	2087.91
584	200   	888.932 	610.454	-976.256	1939.81
585	200   	947.508 	535.827	-1235.29	1934.21
586	200   	886.317 	599.038	-1325.36	2266.02
587	200   	998.716 	554.925	-956.395	2052.74
588	200   	898.034 	649.759	-2048.41	2119.04
589	200   	962.429 	557.41 	-538.265	2046.94
590	200   	970.764 	528.471	-260.884	1956.72
591	200   	867.521 	557.084	-1322.03	1920.95
592	200   	956.181 	541.774	-852.229	2138.52
593	200   	926.907 	571.54 	-1221.43	2032.16
594	200   	921.228 	554.348	-484.672	1949.89
595	200   	887.202 	528.062	-561.164	2135.32
596	200   	885.563 	615.24 	-1232.4 	2200.79
597	200   	1002.73 	552.812	-248.169	2218.08
598	200   	938.12  	567.756	-1745.28	2215.12
599	200   	949.913 	557.935	-619.838	2101.62
600	200   	938.385 	579.209	-985.443	2130.99
601	200   	977.209 	534.118	-313.56 	2027.9 
602	200   	1046.63 	536.167	-1.04045	2032.02
603	200   	985.492 	513.679	-605.489	1902.02
604	200   	983.882 	512.321	-256.329	2101.9 
605	200   	935.395 	647.807	-1596.38	2034.39
606	200   	1001.78 	586.738	-987.428	2177.9 
607	200   	986.413 	560.241	-1016.53	2146.37
608	200   	1004.21 	537.668	-877.032	2161.26
609	200   	976.308 	560.506	-952.786	2037.46
610	200   	958.366 	549.575	-561.135	2239.93
611	200   	1022.81 	542.206	-1130.25	2054.67
612	200   	869.827 	595.128	-938.685	2136.4 
613	200   	953.564 	568.662	-480.865	2258.96
614	200   	996.043 	506.639	65.522  	2140.46
615	200   	1013.67 	544.472	-1000.41	2212.39
616	200   	1017.34 	627.265	-1112.99	2213.76
617	200   	997.623 	587.971	-909.987	2191.16
618	200   	989.665 	552.573	-1015.13	2106.81
619	200   	916.416 	539.545	-413.04 	2199.83
620	200   	1003.25 	549.018	-915.637	2189.11
621	200   	936.095 	607.215	-1259.35	2214.99
622	200   	967.837 	558.5  	-1427.01	2209.83
623	200   	933.547 	560.42 	-997.239	2245.38
624	200   	966.48  	513.932	-113.642	2236.35
625	200   	951.909 	618.841	-1509.59	2064.8 
626	200   	942.007 	577.909	-1125.36	2037   
627	200   	1001.32 	555.228	-1189.88	2114.04
628	200   	990.179 	614.466	-607.077	2275.12
629	200   	1049.19 	552.801	-868.928	2148.24
630	200   	977.818 	604.971	-1464.97	2183.7 
631	200   	941.949 	585.439	-1105.39	1984.13
632	200   	1022.77 	551.118	-263.653	2154.46
633	200   	965.63  	581.25 	-733.521	2133.61
634	200   	1057.32 	533.222	-254.664	2184.97
635	200   	999.756 	553.853	-833.394	2183.71
636	200   	969.789 	592.952	-980.382	2212.25
637	200   	964.082 	562.009	-337.54 	2275.82
638	200   	978.532 	550.122	-827.799	2142.4 
639	200   	927.543 	560.969	-2046.84	2180.85
640	200   	873.49  	550.519	-1143.86	1947.71
641	200   	935.161 	563.185	-448.278	2171.04
642	200   	953.374 	586.458	-1804.28	2074.77
643	200   	958.417 	572.554	-804.848	2080.35
644	200   	906.148 	614.293	-1229.47	2041.35
645	200   	1000.02 	564.123	-1414.84	1945.04
646	200   	930.526 	559.393	-585.99 	2244.68
647	200   	994.68  	539.848	-541.146	2158.63
648	200   	1005.5  	552.344	-351.675	2081.42
649	200   	969.18  	580.823	-786.171	2192.54
650	200   	958.632 	547.552	-328.627	2089.1 
651	200   	1020.78 	509.33 	-325.032	2154.17
652	200   	964.592 	554.543	-498.612	2224.04
653	200   	920.966 	564.82 	-1196.28	2209.18
654	200   	1025.88 	555.213	-951.538	2162.97
655	200   	1048.08 	542.142	-302.079	2074.55
656	200   	971.712 	598.984	-764.205	2189.85
657	200   	1002.66 	528.659	-576.38 	2067.21
658	200   	980.995 	608.489	-1879.97	2229.13
659	200   	1002.9  	539.494	-547.752	2144.39
660	200   	1004.89 	545.338	-501.97 	2199.17
661	200   	1001.74 	574.543	-920.723	2048.24
662	200   	946.479 	542.532	-560.733	2159.41
663	200   	971.063 	535.468	-60.415 	2235.85
664	200   	1011.08 	586.221	-954.285	2077.54
665	200   	912.711 	593.119	-1012.49	2239.8 
666	200   	968.724 	511.529	-290.861	2124.97
667	200   	921.009 	598.513	-1213.13	2183.74
668	200   	975.232 	574.385	-524.753	2018.9 
669	200   	990.579 	542.755	-203.455	2187.07
670	200   	979.049 	525.174	-381.592	2197.18
671	200   	898.291 	601.468	-592.957	2177.19
672	200   	976.086 	520.118	-213.998	2052.06
673	200   	968.992 	555.139	-207.032	2097.92
674	200   	931.458 	597.536	-1160.64	2121.31
675	200   	951.683 	575.691	-959.352	2049.91
676	200   	933.441 	586.537	-1010.77	2107.09
677	200   	982.775 	535.384	-761.449	1921   
678	200   	937.396 	555.606	-870.128	1947.23
679	200   	1012.23 	581.811	-1604.64	2166.84
680	200   	990.85  	581.06 	-728.371	2202.1 
681	200   	935.825 	593.587	-839.267	2132.22
682	200   	914.638 	602.236	-505.595	2094.11
683	200   	991.765 	582.353	-947.976	2214.97
684	200   	1003.51 	556.217	-299.868	2213.67
685	200   	966.417 	577.897	-1174.79	2161.59
686	200   	925.211 	577.872	-751.106	2092.32
687	200   	924.251 	551.435	-373.497	2033.87
688	200   	996.676 	571.549	-781.74 	2120.04
689	200   	957.421 	541.095	24.9531 	2264.97
690	200   	979.581 	593.239	-1009.7 	2030.6 
691	200   	841.807 	628.656	-1076.93	2072.41
692	200   	942.089 	598.405	-834.966	2168.15
693	200   	936.995 	583.266	-401.831	2106.23
694	200   	991.433 	595.17 	-311.024	2184.94
695	200   	911.6   	581.331	-397.87 	2117.01
696	200   	954.125 	579.636	-629.772	1944.54
697	200   	898.76  	600.277	-744.458	2180.49
698	200   	907.781 	563.109	-262.504	2125.76
699	200   	943.085 	560.704	-1145.32	1978.74
700	200   	933.325 	573.282	-842.53 	1995.41
701	200   	922.554 	594.696	-1084.21	2272.85
702	200   	991.705 	600.59 	-1060.37	2170.06
703	200   	828.29  	592.163	-1097.92	1889.03
704	200   	964.619 	549.799	-906.2  	2240.63
705	200   	928.286 	563.378	-672.888	1932.18
706	200   	972.824 	569.798	-1507.51	1971.6 
707	200   	1007.13 	558.207	-384.345	2046.47
708	200   	953.221 	542.237	-614.52 	2105.99
709	200   	933.024 	558.716	-159.854	2019.38
710	200   	1005.18 	647.806	-1620.84	2139.94
711	200   	924.798 	581.165	-1394.93	2089.43
712	200   	969.394 	582.604	-711.443	2210.8 
713	200   	941.015 	571.708	-543.55 	2120.27
714	200   	971.902 	575.633	-1303.39	2154.14
715	200   	919.259 	602.79 	-893.485	2198.38
716	200   	951.017 	636.96 	-1746.97	2217.77
717	200   	960.003 	582.256	-482.798	2272.05
718	200   	982.046 	569.088	-397.136	2092.44
719	200   	939.979 	596.668	-745.527	1961.98
720	200   	945.32  	573.729	-580.674	2191.33
721	200   	993.275 	557.497	-165.915	2196.77
722	200   	1027.9  	586.167	-1189.2 	2052.13
723	200   	926.095 	565.769	-1122.81	2017.96
724	200   	1041.73 	570.149	-868.135	2051.96
725	200   	1001.67 	581.251	-719.475	2116.14
726	200   	977.748 	580.124	-910.498	1999.52
727	200   	909.667 	592.336	-676.038	2283.35
728	200   	935.09  	599.269	-1003.21	2263.36
729	200   	1008.04 	546.541	-837.366	2207.2 
730	200   	936.801 	557.378	-756.765	2199.5 
731	200   	947.046 	555.159	-551.034	2040.58
732	200   	973.376 	633.257	-1272.62	2162.71
733	200   	1043.14 	560.539	-1229.74	2139.89
734	200   	970.205 	562.203	-495.474	2227.59
735	200   	932.168 	563.727	-424.426	2190.93
736	200   	979.275 	550.331	-972.335	2182.9 
737	200   	957.38  	563.126	-1101.93	2154.84
738	200   	894.213 	584.673	-561.102	2170.3 
739	200   	965.623 	532.453	-412.301	2015.46
740	200   	956.272 	574.444	-1151.99	2015.87
741	200   	1028.58 	580.178	-607.852	2172.12
742	200   	874.69  	563.982	-716.098	2173.54
743	200   	929.075 	538.711	-103.428	1993.09
744	200   	893.812 	573.023	-755.262	2024.02
745	200   	997.802 	586.847	-682.631	2120.34
746	200   	939.478 	591.194	-1021.07	2054.61
747	200   	995.944 	552.668	-270.421	2085.02
748	200   	880.529 	600.149	-926.951	2158.36
749	200   	942.35  	564.836	-135.246	2068.12
750	200   	998.002 	533.041	-768.301	2219.78
751	200   	1018.17 	578.485	-670.061	2005.14
752	200   	988.88  	549.133	-251.748	2185.77
753	200   	949.195 	607.999	-1209.87	2197.99
754	200   	979.419 	610.209	-1486.09	2011.45
755	200   	989.836 	604.686	-1846.29	2197.55
756	200   	926.28  	554.071	-1122.08	1916.7 
757	200   	974.867 	597.093	-918.447	2143.46
758	200   	991.836 	553.01 	-853.741	2208.53
759	200   	970.961 	527.084	-785.916	2146.5 
760	200   	1004.41 	525.519	-780.887	2022.42
761	200   	992.056 	573.966	-1516.8 	1962.29
762	200   	1004.08 	570.712	-871.484	2176.79
763	200   	926.551 	555.4  	-743.324	2092.49
764	200   	902.167 	582.895	-1529.48	2067.07
765	200   	1011.78 	513.015	59.9269 	1993.26
766	200   	1002.42 	565.031	-1015.95	1984.18
767	200   	961.262 	594.923	-1083.25	2162.5 
768	200   	945.776 	545.52 	-422.796	2077.11
769	200   	1035.55 	559.641	-1496.51	2241.3 
770	200   	1046.48 	543.708	-904.239	2108.42
771	200   	914.37  	572.201	-838.33 	2039.19
772	200   	935.359 	636.749	-885.497	2206.68
773	200   	988.004 	573.437	-1049.38	2252.39
774	200   	965.041 	584.304	-839.959	2227.58
775	200   	986.365 	557.497	-963.943	2238.71
776	200   	932.627 	565.633	-535.769	2004.22
777	200   	891.83  	599.43 	-744.551	1910.77
778	200   	928.29  	563.274	-999.792	2240.81
779	200   	976.688 	575.545	-1502.44	2167.35
780	200   	957.648 	560.285	-835.079	2037.18
781	200   	934.881 	548.808	-699.975	2220.17
782	200   	995.899 	561.54 	-891.439	2315.17
783	200   	981.131 	569.312	-273.546	2170.41
784	200   	929.327 	542.374	-602.713	2040.83
785	200   	969.178 	538.606	39.75   	1989.77
786	200   	937.928 	548.396	-377.658	2146.54
787	200   	893.423 	593.669	-1098.5 	2171.28
788	200   	1012.3  	535.62 	-214.841	2192.69
789	200   	919.259 	544.591	-659.826	2135.3 
790	200   	969.057 	560.53 	-944.196	2042.88
791	200   	1019.9  	543.073	-511.154	2141.59
792	200   	956.515 	562.16 	-845.162	1894.13
793	200   	995.897 	534.765	-294.067	2194.25
794	200   	898.85  	582.326	-1037.81	2141.87
795	200   	1026.34 	548.389	-481.082	2074.53
796	200   	967.956 	585.046	-1040.39	2017.82
797	200   	925.084 	545.481	-553.567	2079.15
798	200   	974.792 	596.334	-1575.22	2016.76
799	200   	993.85  	571.364	-1239.68	2173.31
800	200   	984.826 	514.324	-519.584	2042.46
801	200   	889.243 	522.343	-104.518	1862.56
802	200   	947.953 	577.385	-1001.22	2289.83
803	200   	1072.16 	534.109	-145.71 	2226.72
804	200   	977.569 	547.274	-463.153	2157.62
805	200   	918.343 	553.177	-594.119	2132.13
806	200   	1007.82 	557.123	-24.2805	2031.57
807	200   	986.638 	595.105	-2003.07	2183.96
808	200   	959.949 	539.242	-379.377	2095.62
809	200   	962.198 	552.917	-455.344	2056.46
810	200   	1026.27 	574.508	-1296.22	2112.54
811	200   	993.628 	558.57 	-860.87 	2196.97
812	200   	997.893 	601.716	-1007.34	2231   
813	200   	913.521 	570.531	-286.124	2191.74
814	200   	885.168 	538.857	-598.52 	1921.24
815	200   	1028.59 	578.594	-610.414	2241.28
816	200   	863.874 	593.221	-1087.42	2155.86
817	200   	971.07  	548.802	-26.9349	2166.53
818	200   	958.056 	567.368	-1143.47	2104.14
819	200   	869.347 	597.488	-1397.63	2193.94
820	200   	975.067 	543.89 	-23.9677	2163.71
821	200   	995.07  	574.883	-152.829	2050.44
822	200   	901.412 	585.09 	-863.759	1940.51
823	200   	929.716 	616.317	-1172.14	2123.35
824	200   	957.227 	575.355	-1323.46	2218.5 
825	200   	924.877 	569.163	-772.807	1946.05
826	200   	926.567 	588.118	-947.311	2147.07
827	200   	943.672 	577.371	-531.438	2230.97
828	200   	969.364 	581.494	-894.054	2022.8 
829	200   	1001.32 	572.923	-597.187	2280.18
830	200   	1078.95 	577.027	-659.078	2240.48
831	200   	976.816 	546.763	-464.286	1975.61
832	200   	1007.27 	587.27 	-1332.54	2227.15
833	200   	926.332 	639.99 	-1252.3 	2300.11
834	200   	983.193 	552.639	-428.896	2274.06
835	200   	1028.17 	542.619	-699.521	2043.85
836	200   	932.919 	597.078	-1046.48	2183.05
837	200   	1019.49 	593.41 	-650.391	2206.93
838	200   	994.135 	565.986	-947.264	2179.7 
839	200   	912.481 	608.921	-1179.18	1933.32
840	200   	984.51  	555.956	-797.813	2218.29
841	200   	922.031 	614.776	-1004.97	2072.31
842	200   	985.798 	553.936	-1138.39	2000.87
843	200   	1054.51 	526.545	-309.832	2139.92
844	200   	952.052 	580.075	-569.831	2201.14
845	200   	959.675 	539.022	-266.787	1985.87
846	200   	983.027 	596.94 	-973.81 	2119.39
847	200   	996.23  	562.57 	-1083.88	2034.57
848	200   	954.439 	516.407	-784.209	1976.8 
849	200   	987.063 	541.403	-775.983	2171.24
850	200   	953.858 	570.17 	-1049.29	1957.06
851	200   	1020.4  	538.167	-818.224	1966.02
852	200   	909.624 	597.482	-789.766	2123.89
853	200   	940.482 	590.112	-891.985	2043.88
854	200   	978.667 	551.485	-667.266	2119.02
855	200   	947.429 	616.811	-1098.04	2151.72
856	200   	849.943 	566.479	-1191.82	2139.48
857	200   	961.23  	547.524	-540.456	2098.77
858	200   	984.86  	600.973	-1450.42	2118.2 
859	200   	947.892 	620.045	-850.296	2110.2 
860	200   	991.886 	569.059	-699.725	2169.46
861	200   	988.807 	545.131	-576.884	2262.98
862	200   	960.688 	594.864	-731.068	2173.09
863	200   	918.333 	606.165	-1613.84	2104.38
864	200   	970.057 	591.619	-1123.09	2209.34
865	200   	1046.8  	579.39 	-1245.32	2085.69
866	200   	952.688 	558.847	-265.22 	2223.48
867	200   	914.806 	626.064	-1689.67	2274.25
868	200   	958.543 	540.111	-797.248	1901.55
869	200   	910.775 	603.784	-1731.48	2117.15
870	200   	996.799 	580.347	-1227.22	2190.05
871	200   	942.476 	574.419	-1174.07	2232.07
872	200   	955.44  	577.895	-527.744	2108.74
873	200   	1049.13 	536.539	-501.237	2194.58
874	200   	1001.67 	562.398	-1134.69	2247.47
875	200   	862.831 	590.783	-1248.45	2167.32
876	200   	967.726 	584.064	-721.054	2177.68
877	200   	980.89  	548.096	-890.093	1952.88
878	200   	939.223 	595.086	-1101.59	2254.47
879	200   	955.547 	541.28 	-551.533	2209.4 
880	200   	1013.28 	561.67 	-881.655	2242.52
881	200   	936.042 	574.105	-603.927	2251.68
882	200   	979.404 	620.3  	-1100.39	2024.05
883	200   	970.324 	589.665	-1079.66	2239.61
884	200   	903.775 	606.588	-1123.61	2101.11
885	200   	984.367 	553.885	-764.001	2101.96
886	200   	958.298 	588.066	-1128.26	2312.27
887	200   	951.634 	533.332	-301.458	2195.51
888	200   	1039.25 	531.708	-358.169	2050.42
889	200   	946.958 	538.22 	-824.391	2170.46
890	200   	991.028 	612.591	-1163.92	2039.59
891	200   	930.066 	553.604	-657.868	2017.97
892	200   	956.633 	588.593	-931.722	2142.28
893	200   	912.262 	571.615	-861.739	2169.57
894	200   	913.847 	602.183	-1033.72	2002.39
895	200   	903.73  	558.661	-1056.45	2138.85
896	200   	922.166 	587.572	-1218.97	2022.55
897	200   	991.463 	527.229	-1269.63	2213.75
898	200   	1025.57 	537.744	-576.898	2174.99
899	200   	954.579 	561.867	-979.591	2219.22
900	200   	978.823 	515.806	-473.056	2205.34
901	200   	904.11  	556.235	-998.204	2157.85
902	200   	1059.92 	533.873	-589.392	2081.44
903	200   	967.886 	607.643	-1188.62	2015.91
904	200   	921.092 	591.812	-1061.68	2015.41
905	200   	1051.23 	581.934	-940.828	2204.95
906	200   	932.726 	593.71 	-988.152	2200.42
907	200   	954.248 	566.765	-1978.58	2032.9 
908	200   	987.398 	559.221	-1220.76	2192.95
909	200   	1012.04 	556.571	-998.078	2216.98
910	200   	964.177 	618.486	-1066.14	2160.96
911	200   	1032.66 	555.669	-905.364	2084.89
912	200   	969.283 	587.66 	-895.216	2083.94
913	200   	903.737 	585.128	-982.831	2156.11
914	200   	1018.56 	541.899	-20.2498	2174.64
915	200   	1017.07 	536.039	-454.793	2062.88
916	200   	964.174 	534.638	-839.485	1989.97
917	200   	926.444 	560.576	-952.606	2178.99
918	200   	1019.16 	517.163	-800.469	2207.68
919	200   	940.131 	558.856	-411.093	2044.91
920	200   	982.62  	610.993	-1415.99	1990.72
921	200   	989.875 	555.803	-534.826	2080   
922	200   	943.604 	583.341	-932.655	1983.55
923	200   	953.848 	548.864	-264.121	2113.96
924	200   	916.781 	582.749	-930.712	2097.79
925	200   	962.436 	506.23 	-139.12 	2003.29
926	200   	945.619 	597.923	-935.373	2128.99
927	200   	1015.33 	508.754	-64.3238	2097.65
928	200   	953.353 	569.208	-508.935	2044.47
929	200   	949.685 	595.063	-953.21 	2185.36
930	200   	975.252 	567.508	-1167.44	2072.65
931	200   	943.472 	587.981	-736.482	2122.5 
932	200   	1012.39 	549.781	-399.171	2116.88
933	200   	949.942 	621.494	-1752.95	2098.51
934	200   	920.86  	580.975	-623.14 	2225   
935	200   	879.46  	617.039	-1388.16	2216.35
936	200   	1027.27 	550.561	-150.52 	2215.16
937	200   	1017.55 	560.405	-654.599	2163.31
938	200   	953.727 	552.731	-571.926	2293.07
939	200   	962.377 	616.674	-1618.08	2128.54
940	200   	901.744 	591.238	-954.288	2055.81
941	200   	918.296 	605.209	-1659.55	2220.85
942	200   	919.86  	530.976	-437.215	2126.44
943	200   	931.167 	572.065	-790.904	1896.49
944	200   	942.115 	600.42 	-746.424	2159.23
945	200   	970.132 	575.265	-539.401	2133.22
946	200   	895.755 	602.308	-1182.4 	2054.74
947	200   	948.553 	570.703	-885.128	2107.62
948	200   	951.472 	564.778	-670.144	2046.84
949	200   	953.98  	573.822	-1319.96	2158.12
950	200   	902.366 	593.287	-1485.09	1972.29
951	200   	917.637 	576.905	-597.563	2047.46
952	200   	986.288 	573.865	-856.215	2165.4 
953	200   	991.672 	605.551	-1142.53	2135.53
954	200   	887.427 	577.308	-1180.72	2041.59
955	200   	970.534 	599.331	-571.971	2207.59
956	200   	968.361 	570.257	-464.949	2071.22
957	200   	1011.86 	568.316	-309.318	2260.24
958	200   	908.86  	569.037	-1118.13	2078.15
959	200   	946.851 	593.77 	-336.572	2255.65
960	200   	948.304 	609.805	-1577.45	2253.8 
961	200   	878.431 	556.729	-783.982	2072.95
962	200   	957.841 	565.304	-875.832	2177.68
963	200   	924.285 	556.735	-1250.35	1994.37
964	200   	992.125 	559.53 	-1071.17	2045.25
965	200   	945.198 	598.776	-1467.7 	2314.92
966	200   	949.292 	559.747	-529.074	2023.85
967	200   	928.097 	549.603	-408.898	2183.45
968	200   	956.412 	559.359	-735.179	2205.71
969	200   	971.774 	570.191	-686.819	2358.48
970	200   	983.924 	527.404	-173.165	1978.25
971	200   	934.968 	615.183	-1646.09	2033.82
972	200   	911.126 	586.099	-1045.94	1985.38
973	200   	953.494 	542.697	-1836.24	2180.22
974	200   	1014.2  	592.162	-642.637	2308.03
975	200   	945.826 	590.989	-1215.12	2219.61
976	200   	953.791 	558.301	-1306.07	2155.51
977	200   	934.665 	562.203	-519.48 	2238.55
978	200   	950.229 	572.476	-805.262	2172.89
979	200   	902.104 	586.388	-603.538	2079.96
980	200   	935.41  	625.973	-1285.98	2015.93
981	200   	896.691 	579.847	-953.047	2153.88
982	200   	970.902 	563.704	-651.427	1984.25
983	200   	958.036 	577.332	-583.461	2207.68
984	200   	949.045 	562.823	-174.15 	2219.68
985	200   	910.403 	567.104	-1198.81	2052.89
986	200   	903.867 	602.456	-1294.09	2015.95
987	200   	943.996 	522.015	-323.42 	2010.8 
988	200   	967.527 	590.48 	-1194.32	2135.54
989	200   	894.876 	614.224	-2003.7 	2046.85
990	200   	951.45  	659.988	-1635.24	2187.84
991	200   	952.542 	565.351	-518.839	2193.54
992	200   	913.4   	585.772	-717.247	2209.6 
993	200   	978.404 	547.288	-1097.14	2085.04
994	200   	914.091 	588.289	-1079.43	2205.46
995	200   	939.873 	539.71 	-618.122	2096.33
996	200   	939.952 	579.418	-1618.36	2054.17
997	200   	940.512 	564.819	-1067.46	2148.06
998	200   	944.355 	575.341	-989.017	2198.04
999	200   	1000.1  	571.852	-1037.56	2229.08
1000	200   	978.11  	561.548	-619.717	2106.91
1001	200   	909.248 	627.823	-1387.99	2150.52
1002	200   	982.613 	564.167	-559.807	2225.52
1003	200   	922.409 	541.436	-484.312	1994.03
1004	200   	933.563 	552.864	-455.815	2008.11
1005	200   	913.179 	568.255	-509.225	2093.57
1006	200   	883.757 	577.593	-615.361	2047.77
1007	200   	979.046 	564.999	-651.898	2255.48
1008	200   	877.64  	562.266	-573.207	1987.33
1009	200   	994.308 	577.551	-837.837	2399.02
1010	200   	871.237 	619.727	-1882.43	2132.95
1011	200   	847.796 	585.883	-1694.71	2228.61
1012	200   	878.561 	608.8  	-764.671	2173.64
1013	200   	898.235 	578.022	-1035.45	2263.24
1014	200   	964.427 	560.998	-497.886	2143.42
1015	200   	874.601 	598.694	-1089.1 	2236.75
1016	200   	914.17  	628.947	-1343.98	2144.14
1017	200   	938.873 	574.594	-972.329	1971.39
1018	200   	914.038 	657.595	-1873.03	2227.34
1019	200   	870.153 	603.146	-1502.4 	2113.51
1020	200   	955.236 	620.287	-1166.46	2221.66
1021	200   	946.148 	611.321	-816.86 	2265.76
1022	200   	966.869 	553.762	-1046.59	2012.67
1023	200   	867.359 	589.379	-1250.48	2157.31
1024	200   	941.632 	576.564	-811.134	2140.79
1025	200   	892.896 	603.083	-1018.64	2103.03
1026	200   	816.629 	637.59 	-1718.41	2143.86
1027	200   	926.358 	590.037	-680.182	2184.6 
1028	200   	937.861 	627.902	-1571.14	2209.62
1029	200   	931.212 	604.73 	-1192.48	2029.95
1030	200   	935.44  	623.923	-2040.74	2086.45
1031	200   	872.447 	639.707	-967.142	2169.89
1032	200   	954.593 	594.129	-1676.86	2180.4 
1033	200   	986.69  	537.913	-881.1  	2046.13
1034	200   	935.35  	603.003	-1002.74	2015.23
1035	200   	947.547 	588.778	-1085.86	2008.36
1036	200   	945.739 	599.62 	-2077.17	2076.88
1037	200   	984.281 	540.712	-622.004	2109.32
1038	200   	994.218 	556.916	-795.32 	2037.55
1039	200   	950.862 	586.691	-945.895	2047.21
1040	200   	913.13  	623.08 	-1035.43	2080.93
1041	200   	900.528 	582.104	-544.762	2220.16
1042	200   	948.955 	579.466	-607.229	2174.56
1043	200   	988.82  	589.52 	-1155.57	2194.45
1044	200   	920.468 	572.866	-835.438	2018.81
1045	200   	881.361 	653.295	-1598.31	2076.61
1046	200   	918.682 	614.745	-1774.23	2104.89
1047	200   	860.882 	606.853	-1378.27	2158.82
1048	200   	955.323 	580.841	-1291.83	2084.9 
1049	200   	968.461 	551.803	-1331.16	2013.56
1050	200   	962.845 	559.645	-897.396	2084.19
1051	200   	962.461 	602.742	-952.522	2215.42
1052	200   	957.167 	559.049	-428.755	2027.61
1053	200   	910.41  	618.835	-1182.4 	2169.98
1054	200   	950.97  	569.959	-733.463	1968.29
1055	200   	878.744 	572.319	-886.761	2100.35
1056	200   	930.395 	584.28 	-910.248	2133.13
1057	200   	958.646 	576.858	-860.132	2162.27
1058	200   	960.954 	576.375	-889.084	2212.34
1059	200   	901.907 	568.529	-669.889	1961.41
1060	200   	868.079 	542.583	-605.123	1963.7 
1061	200   	950.003 	552.84 	-303.075	2087.54
1062	200   	1004.11 	576.814	-1232.42	2184.65
1063	200   	916.764 	574.089	-1207.57	2066.81
1064	200   	898.601 	541.539	-75.1335	1847.85
1065	200   	961.453 	549.672	-535.08 	2203.91
1066	200   	918.059 	634.826	-1848.87	2155.88
1067	200   	953.866 	568.359	-578.347	2239.46
1068	200   	943.617 	593.26 	-1153.24	2101.98
1069	200   	945.599 	519.675	91.4634 	2135.87
1070	200   	919.174 	564.439	-499.737	2175.08
1071	200   	903.121 	587.732	-757.352	2134.88
1072	200   	974.97  	546.529	-426.686	2156.91
1073	200   	970.254 	578.03 	-1033.1 	2339.2 
1074	200   	982.584 	562.931	-1616   	2116.31
1075	200   	987.866 	581.755	-788.095	2144.16
1076	200   	976.72  	592.094	-1441.95	2116.53
1077	200   	965.874 	535.247	-801.383	2200.24
1078	200   	968.111 	559.97 	-642.024	2199.61
1079	200   	990.272 	552.275	-524.405	2124.21
1080	200   	981.517 	517.109	-1082.78	1901.06
1081	200   	976.392 	536.934	-715.618	2248.4 
1082	200   	982.577 	564.788	-1616.57	2034.4 
1083	200   	945.204 	568.444	-1485.16	1982.64
1084	200   	1021.43 	534.864	-144.734	2164.54
1085	200   	1013.26 	593.286	-658.351	2180.09
1086	200   	1014.98 	528.579	-152.614	2327.25
1087	200   	1003.92 	551.053	-1346.03	2242.36
1088	200   	952.214 	638.505	-1770.64	2183.07
1089	200   	957.282 	565.108	-969.883	2189.03
1090	200   	982.493 	553.355	-1067.75	2181.68
1091	200   	958.33  	520.906	-605.438	2069.81
1092	200   	969.649 	626.97 	-1454.01	2234.81
1093	200   	945.055 	534.61 	-850.971	2048.93
1094	200   	986.014 	637.552	-1305.94	2126.9 
1095	200   	841.856 	595.715	-664.684	2146.01
1096	200   	931.619 	545.781	-385.412	1959.42
1097	200   	827.292 	585.884	-1512.64	1972.72
1098	200   	906.14  	582.737	-897.349	2027.91
1099	200   	981.648 	570.239	-655.415	2241.19
1100	200   	905.058 	580.502	-1097.86	1944.16
1101	200   	978.449 	533.127	-582.611	2430.53
1102	200   	951.32  	638.552	-1495.1 	2203.41
1103	200   	841.853 	638.341	-1562.84	2032.75
1104	200   	935.786 	556.517	-213.179	2161.67
1105	200   	922.711 	521.146	-521.48 	1919.2 
1106	200   	947.218 	574.728	-1352.78	1891.81
1107	200   	919.532 	602.188	-1092.58	2142.55
1108	200   	931.845 	581.411	-1019.8 	2073.9 
1109	200   	939.443 	581.078	-818.317	2135.5 
1110	200   	958.569 	639.501	-1620.46	2118.27
1111	200   	933.213 	556.576	-471.777	2222.43
1112	200   	919.272 	588.688	-1595.3 	1942.91
1113	200   	778.537 	658.57 	-1766.62	2225.89
1114	200   	906.224 	594.909	-1250.16	2164.31
1115	200   	973.225 	608.263	-1480.22	2224.38
1116	200   	901.141 	574.821	-931.3  	2189.78
1117	200   	1001.63 	551.776	-692.181	2092.26
1118	200   	839.496 	642.123	-1497.06	1959.03
1119	200   	906.172 	557.584	-569.271	2038.33
1120	200   	926.599 	617.44 	-1638.74	2201.57
1121	200   	958.251 	597.217	-949.09 	2087.39
1122	200   	847.766 	590.899	-1130.24	2188.2 
1123	200   	938.29  	560.71 	-1290.45	2199.56
1124	200   	970.853 	584.527	-923.846	2010.61
1125	200   	908.434 	586.745	-1404.71	2029.53
1126	200   	964.249 	558.83 	-505.688	2139.26
1127	200   	940.895 	552.263	-791.927	2202.42
1128	200   	876.403 	532.839	-612.905	2253.65
1129	200   	1013.65 	578.289	-610.427	2215.86
1130	200   	917.611 	557.035	-516.93 	2114.79
1131	200   	931.183 	565.708	-1602.91	2091.87
1132	200   	946.833 	584.074	-1140.45	1954.51
1133	200   	937.461 	561.119	-498.216	2085.71
1134	200   	908.092 	581.028	-1884.69	2104.03
1135	200   	902.029 	592.106	-1295.11	2223.23
1136	200   	944.872 	537.897	-268.236	2201.88
1137	200   	898.028 	595.84 	-763.104	1944.55
1138	200   	1029.88 	581.86 	-1590.35	2204.52
1139	200   	832.66  	545.153	-573.315	1963.07
1140	200   	977.511 	527.551	-531.178	2066.7 
1141	200   	844.904 	617.347	-1386.32	2020.77
1142	200   	927.499 	571.98 	-867.609	2075.81
1143	200   	971.251 	570.578	-899.813	2120.92
1144	200   	939.02  	591.83 	-1118.46	2157.21
1145	200   	940.799 	593.68 	-1151.25	2127.1 
1146	200   	941.92  	575.525	-463.981	2201.21
1147	200   	961.639 	577.812	-1552.91	2176.04
1148	200   	909.377 	582.119	-1040.74	2114.61
1149	200   	880.203 	584.106	-1048.91	1980.92
1150	200   	944.933 	562.161	-1180.59	2198.34
1151	200   	967.151 	532.575	-788.22 	2318.53
1152	200   	829.141 	561.036	-821.306	1995.51
1153	200   	915.813 	575.613	-1103.02	2115.96
1154	200   	961.807 	574.077	-399.917	2277.26
1155	200   	969.857 	567.239	-965.329	2199.78
1156	200   	908.047 	571.354	-851.33 	2193.49
1157	200   	821.302 	581.574	-882.073	1954.67
1158	200   	947.837 	536.782	-932.722	2056.81
1159	200   	1010.95 	527.385	-840.83 	2031.42
1160	200   	986.686 	512.147	-322.499	1954.21
1161	200   	852.68  	520.445	-234.965	2221.95
1162	200   	926.987 	551.556	-514.892	2181.87
1163	200   	822.43  	540.008	-925.946	2165.73
1164	200   	959.492 	508.277	-905.971	2197.89
1165	200   	980.163 	565.12 	-1060.61	2135.15
1166	200   	1041.03 	477.941	-327.87 	1991.72
1167	200   	980.446 	535.916	-242.024	1980.82
1168	200   	922.295 	551.492	-899.711	2126.41
1169	200   	884.589 	547.409	-1456.58	2231.34
1170	200   	856.58  	567.636	-980.551	2231.9 
1171	200   	952.355 	536.296	-544.035	1933.29
1172	200   	946.428 	554.834	-237.379	2210.7 
1173	200   	949.207 	508.422	-564.731	2066.34
1174	200   	939.996 	540.918	-956.898	2020.3 
1175	200   	874.941 	525.137	-1050.38	1927.23
1176	200   	977.765 	606.722	-1520.2 	2196.35
1177	200   	943.73  	575.187	-1233.19	2112.55
1178	200   	926.182 	600.886	-1144.69	2218.86
1179	200   	937.459 	578.189	-1396.46	2179.13
1180	200   	970.012 	570.5  	-1126.57	2021.47
1181	200   	964.534 	561.744	-584.069	2355.84
1182	200   	945.219 	576.939	-1005.64	2245.02
1183	200   	856.357 	578.165	-1442.81	2163.68
1184	200   	843.168 	639.271	-1500.22	2084.82
1185	200   	986.68  	565.807	-1593.37	2159.57
1186	200   	894.119 	568.027	-1180.72	2126.26
1187	200   	868.162 	584.342	-1324.4 	2172.09
1188	200   	992.57  	560.318	-838.42 	2193.93
1189	200   	1018.79 	580.306	-1007.21	2195.76
1190	200   	965.365 	555.663	-849.433	2193.11
1191	200   	912.249 	550.798	-500.285	2139.34
1192	200   	931.547 	568.935	-1370.91	2139.45
1193	200   	867.249 	556.698	-978.64 	1904.73
1194	200   	845.959 	561.841	-1345.11	2180.29
1195	200   	967.538 	569.297	-966.173	1978.89
1196	200   	1012.5  	527.816	-328.038	2128.79
1197	200   	1050.36 	531.093	-373.654	2225   
1198	200   	973.833 	562.153	-616.412	2230.78
1199	200   	933.892 	504.053	-324.352	1884.95
1200	200   	942.718 	561.708	-978.646	2171.66
1201	200   	984.204 	592.212	-1440.58	2160.02
1202	200   	953.159 	541.374	-1474.75	1941.34
1203	200   	966.574 	529.378	-456.212	2173.07
1204	200   	916.202 	526.72 	-532.728	2141.12
1205	200   	927.846 	558.899	-249.301	2213.08
1206	200   	950.457 	614.063	-1253.96	2188.39
1207	200   	1003.74 	547.421	-410.272	2006.33
1208	200   	947.093 	542.886	-1044.84	2141.85
1209	200   	942.321 	580.341	-1066.77	2117.98
1210	200   	963.21  	614.782	-2267.83	2255.02
1211	200   	1063.82 	552.308	-379.597	2156.06
1212	200   	998.298 	561.675	-1142.27	1990.29
1213	200   	925.293 	591.546	-1227.06	2152.06
1214	200   	1071.32 	498.579	-509.142	2026.12
1215	200   	1027.91 	518.681	-44.069 	2225.21
1216	200   	918.641 	523.849	-515.616	2040.91
1217	200   	1005.06 	536.875	-319.412	2172.75
1218	200   	963.659 	502.282	-347.293	2072.02
1219	200   	1016.6  	612.076	-1342.3 	2288.73
1220	200   	939.399 	543.152	-992.231	2207.85
1221	200   	964.445 	526.754	-1044.59	2235.61
1222	200   	1021.69 	571.639	-760.038	2155.81
1223	200   	980.965 	541.504	-831.229	2014.42
1224	200   	1048.89 	532.484	-937.764	2166.57
1225	200   	967.597 	587.732	-1350.3 	2157.21
1226	200   	933.154 	622.804	-1433.49	2233.61
1227	200   	844.796 	604.947	-1638.77	2065.64
1228	200   	982.902 	541.719	-293.075	2227.05
1229	200   	981.261 	570.364	-1141.41	2155.81
1230	200   	881.925 	578.311	-1147.06	2150.7 
1231	200   	952.647 	584.933	-718.453	2201.74
1232	200   	939.761 	613.679	-996.986	2236.82
1233	200   	947.852 	597.14 	-1020.22	2172.95
1234	200   	1010.76 	581.416	-970.842	2213.42
1235	200   	915.236 	574.141	-1252.98	2157.64
1236	200   	931.109 	566.42 	-833.544	1971.08
1237	200   	944.137 	557.915	-547.583	2177.71
1238	200   	970.629 	536.381	-715.244	2176.41
1239	200   	921.374 	626.066	-1262.7 	2131.32
1240	200   	995.14  	616.653	-1090.99	2222.23
1241	200   	888.461 	620.443	-1951.87	2164.25
1242	200   	964.991 	571.015	-844.646	2124.71
1243	200   	941.888 	583.081	-1280.19	2090.39
1244	200   	953.658 	550.236	-845.071	2132.7 
1245	200   	858.642 	613.947	-1533.11	2093.5 
1246	200   	989.572 	546.499	-564.813	1927.15
1247	200   	970.345 	573.346	-904.493	2278.96
1248	200   	972.324 	594.44 	-1297.59	2232.61
1249	200   	929.918 	614.987	-912.012	2159.85
1250	200   	916.123 	563.958	-883.09 	2256.29
1251	200   	925.801 	672.201	-1134.28	2231.32
1252	200   	986.834 	607.29 	-650.819	2053.2 
1253	200   	816.653 	587.914	-1378.46	1873.33
1254	200   	881.555 	589.438	-1667.39	2222.03
1255	200   	936.146 	608.597	-1684.32	2207.06
1256	200   	881.269 	642.573	-1457.21	2212.95
1257	200   	908.875 	578.368	-1496.16	2141.93
1258	200   	897.17  	570.449	-1065.03	2005   
1259	200   	915.874 	622.247	-1041.02	2197.07
1260	200   	977.462 	602.431	-1211.92	2184.65
1261	200   	902.273 	624.058	-1364.09	2223.93
1262	200   	876.647 	556.283	-1586.43	2029.2 
1263	200   	959.303 	653.226	-1214.52	2202.27
1264	200   	842.269 	627.454	-891.015	2039.23
1265	200   	913.32  	588.951	-934.922	2122.19
1266	200   	892.734 	612.929	-1720.8 	1909.62
1267	200   	858.174 	628.043	-1807.54	2150.13
1268	200   	1005.75 	577.16 	-932.268	2078.24
1269	200   	941.512 	674.826	-1868.13	2104.79
1270	200   	903.175 	600.034	-1013.35	2001.08
1271	200   	972.043 	572.707	-928.792	2235.06
1272	200   	865.981 	641.585	-1545.42	1960.28
1273	200   	849.218 	614.201	-1070.13	1879.36
1274	200   	984.215 	564.411	-824.567	2164.7 
1275	200   	953.671 	600.963	-1337.05	2241.12
1276	200   	933.03  	637.938	-1726.28	2207.36
1277	200   	1033.78 	541.697	-970.131	2255.55
1278	200   	970.504 	556.731	-928.246	2014.26
1279	200   	965.984 	578.303	-1298.87	2029.83
1280	200   	874.989 	621.368	-873.378	2127.05
1281	200   	938.489 	597.133	-830.12 	2212.71
1282	200   	964.232 	624.239	-1416.99	2068.75
1283	200   	859.241 	555.247	-1022.86	1938.22
1284	200   	952.245 	604.584	-936.306	2228.28
1285	200   	966.913 	581.889	-932.344	2089.42
1286	200   	902.852 	644.827	-1395.1 	1932.5 
1287	200   	877.759 	611.916	-1093.15	2030.82
1288	200   	928.688 	543.272	-870.345	2169.84
1289	200   	890.788 	635.055	-1716.22	2020.89
1290	200   	860.555 	672.479	-1556.16	2156.45
1291	200   	935.556 	575.952	-599.592	2268.26
1292	200   	883.434 	662.735	-1311.76	2194.98
1293	200   	821.527 	632.222	-935.572	2050.98
1294	200   	932.173 	645.146	-1344.24	2152.08
1295	200   	838.785 	620.037	-1539.98	2087.8 
1296	200   	910.29  	636.468	-875.921	1863.02
1297	200   	895.91  	661.375	-1616.27	2165.14
1298	200   	886.242 	639.889	-1930.86	2057.75
1299	200   	966.421 	591.771	-1358.57	2247.76
1300	200   	907.08  	621.519	-2253.84	2002.02
1301	200   	990.509 	607.763	-1290.83	2056.03
1302	200   	908.221 	666.36 	-1573.47	2214.5 
1303	200   	881.869 	658.154	-1501.87	2175.68
1304	200   	926.829 	621.05 	-1058.73	2051.03
1305	200   	1000.78 	598.633	-888.615	2204.86
1306	200   	872.178 	685.77 	-1229.06	2049.38
1307	200   	900.679 	654.26 	-1355.77	2246.5 
1308	200   	926.955 	657.042	-1709.76	2077.32
1309	200   	950.403 	611.662	-978.111	2202.07
1310	200   	883     	688.725	-1550.45	2046.8 
1311	200   	851.654 	716.211	-1344.01	2274.49
1312	200   	918.894 	592.017	-1192.04	2080.83
1313	200   	812.96  	681.967	-1405.93	2291.27

