1  	200   	-530.301	248.303	-2161.31	24.3985
2  	200   	-521.052	231.052	-1787.36	-30.9567
3  	200   	-498.035	235.703	-1806.91	432.239 
4  	200   	-524.919	223.995	-1594.46	10.8589 
5  	200   	-510.746	273.705	-2607.85	99.557  
6  	200   	-506.109	274.426	-2624.35	47.0093 
7  	200   	-487.517	283.141	-2276.41	330.118 
8  	200   	-430.813	184.188	-1273.67	62.2903 
9  	200   	-428.506	225.63 	-1839.58	13.9464 
10 	200   	-441.086	245.094	-1768.72	169.966 
11 	200   	-379.058	199.183	-1046.04	607.822 
12 	200   	-407.278	225.813	-1462.02	196.465 
13 	200   	-380.713	206.046	-1582.82	618.191 
14 	200   	-394.266	289.192	-2254.99	380.924 
15 	200   	-361.602	260.092	-2433.45	482.601 
16 	200   	-321.193	235.082	-1214.91	1068.03 
17 	200   	-317.25 	228.019	-1440.97	881.923 
18 	200   	-322.12 	191.119	-1008.37	542.948 
19 	200   	-266.235	203.794	-952.397	627.345 
20 	200   	-307.473	254.198	-1440.63	649.462 
21 	200   	-267.216	277.384	-1488.28	660.83  
22 	200   	-283.429	251.782	-1284.03	710.001 
23 	200   	-208.063	315.539	-1860.03	845.926 
24 	200   	-173.863	299.029	-1021.58	993.592 
25 	200   	-106.977	394.966	-1527.04	1354.75 
26 	200   	-67.4279	340.908	-1232.22	1014.24 
27 	200   	40.6107 	441.144	-1710.91	1330.09 
28 	200   	142.351 	402.347	-1207.48	1202.85 
29 	200   	164.479 	433.907	-1258.06	1190.25 
30 	200   	317.59  	442.768	-1097.05	1442.1  
31 	200   	288.873 	440.455	-1622.76	1561.68 
32 	200   	393.168 	414.406	-1149.24	1499.06 
33 	200   	457.957 	382.415	-760.994	1460.87 
34 	200   	455.724 	425.569	-745.776	1604.26 
35 	200   	525.822 	410.402	-847.518	1501.14 
36 	200   	516.294 	346.881	-853.125	1482.7  
37 	200   	488.516 	377.761	-506.093	1660.5  
38 	200   	611.347 	386.151	-1303.23	1458.86 
39 	200   	575.208 	359.209	-539.265	1507.48 
40 	200   	575.316 	403.763	-906.807	1490.91 
41 	200   	605.383 	324.729	-297.339	1443.48 
42 	200   	621.657 	354.809	-599.251	1490.66 
43 	200   	632.066 	385.16 	-675.704	1455.77 
44 	200   	609.963 	373.701	-486.568	1607.44 
45 	200   	642.318 	344.95 	-412.856	1517.98 
46 	200   	626.188 	323.522	-289.199	1574.91 
47 	200   	684.891 	350.209	-434.922	1568.11 
48 	200   	647.715 	348.244	-1538.48	1582.37 
49 	200   	664.531 	328.483	-39.7875	1689.14 
50 	200   	671.812 	350.568	-519.365	1618.2  
51 	200   	679.081 	324.206	51.9714 	1578.04 
52 	200   	650.132 	389.125	-1392.11	1557.48 
53 	200   	691.44  	366.536	-289.564	1594.65 
54 	200   	630.731 	336.104	-431.718	1674.58 
55 	200   	660.289 	334.713	-123.011	1532.36 
56 	200   	671.257 	338.379	-177.716	1456.46 
57 	200   	668.249 	331.017	-57.2547	1530.02 
58 	200   	683.225 	329.897	-201.676	1567.18 
59 	200   	619.992 	356.085	-948.816	1662.84 
60 	200   	699.556 	338.48 	-274.332	1652.69 
61 	200   	728.109 	313.845	6.54866 	1485.81 
62 	200   	710.623 	352.853	-164.178	1453.08 
63 	200   	723.687 	329.941	-463.23 	1427.44 
64 	200   	700.072 	307.166	65.5531 	1534.52 
65 	200   	674.761 	300.696	-202.124	1496.72 
66 	200   	708.59  	305.778	33.3909 	1525.6  
67 	200   	704.906 	332.887	90.9643 	1599.91 
68 	200   	683.581 	325.091	-230.587	1532.89 
69 	200   	751.722 	338.889	49.6457 	1494.24 
70 	200   	758.165 	332.587	111.623 	1578.94 
71 	200   	735.52  	381.033	-1466.98	1568.33 
72 	200   	709.845 	340.395	-563.035	1556.07 
73 	200   	730.584 	323.047	11.4236 	1443.33 
74 	200   	743.778 	345.068	-685.423	1514.77 
75 	200   	718.293 	342.095	-344.431	1582.99 
76 	200   	747.369 	321.61 	54.8287 	1662.79 
77 	200   	731.281 	339.93 	-385.673	1611.68 
78 	200   	756.647 	325.463	-11.3731	1535.28 
79 	200   	783.064 	350.553	-211.404	1659.28 
80 	200   	782.617 	343.424	-81.5641	1537.1  
81 	200   	803.994 	349.076	-625.839	1614.37 
82 	200   	778.938 	344.967	-572.052	1561.98 
83 	200   	793.448 	333.494	-322.858	1595.95 
84 	200   	804.979 	333.353	-83.8747	1553.07 
85 	200   	793.799 	353.596	33.0217 	1642.59 
86 	200   	816.517 	362.365	108.68  	1582.41 
87 	200   	814.586 	335.615	-26.0221	1650.56 
88 	200   	820.26  	335.367	-192.032	1588.32 
89 	200   	750.26  	349.481	-462.559	1584.72 
90 	200   	816.115 	336.265	-1.4625 	1675.26 
91 	200   	764.333 	318.859	81.7513 	1574.2  
92 	200   	743.781 	311.253	80.6682 	1522.25 
93 	200   	745.676 	343.782	-950.273	1524.59 
94 	200   	805.62  	324.105	156.086 	1599.73 
95 	200   	762.776 	345.243	-34.55  	1614.84 
96 	200   	837.919 	360.696	-82.2925	1561.23 
97 	200   	785.173 	374.386	-1176.07	1638.93 
98 	200   	848.047 	340.535	85.3759 	1577.44 
99 	200   	758.399 	330.338	-431.742	1605.82 
100	200   	796.826 	352.782	-360.717	1620.07 
101	200   	781.883 	321.212	-128.359	1555.72 
102	200   	782.761 	337.413	33.0485 	1507.35 
103	200   	862.74  	346.942	-127.037	1572.23 
104	200   	788.41  	329.77 	-564.65 	1587    
105	200   	822.351 	345.936	19.2043 	1610.1  
106	200   	788.091 	361.799	-924.163	1556.92 
107	200   	844.193 	349.057	-241.581	1579.07 
108	200   	769.17  	346.261	-221.994	1551.57 
109	200   	809.437 	359.316	-418.228	1577.43 
110	200   	823.865 	361.473	-405.754	1576.86 
111	200   	831.165 	351.124	-803.176	1603.99 
112	200   	841.205 	367.081	68.6472 	1609.35 
113	200   	827.483 	353.469	-323.431	1663.92 
114	200   	855.437 	375.097	-365.256	1568.34 
115	200   	846.31  	330.782	122.676 	1512.28 
116	200   	841.7   	351.367	-362.384	1618.18 
117	200   	854.096 	349.52 	-37.7218	1565.72 
118	200   	802.894 	374.611	-341.745	1643.27 
119	200   	845.44  	337.558	-25.3346	1544.53 
120	200   	862.811 	373.616	-554.931	1642.18 
121	200   	841.771 	321.35 	58.4795 	1520.8  
122	200   	884.849 	340.548	118.725 	1596.85 
123	200   	868.266 	360.622	51.0868 	1671.89 
124	200   	822.788 	342.15 	154.896 	1542.08 
125	200   	799.018 	332.888	91.1798 	1607.3  
126	200   	805.124 	330.524	108.595 	1643.3  
127	200   	885.737 	349.617	44.297  	1616.3  
128	200   	784.234 	395.516	-2144.46	1640.2  
129	200   	864.382 	351.636	-22.2467	1525.33 
130	200   	866.675 	333.125	-41.9127	1629.33 
131	200   	841.528 	352.254	-388.58 	1576.7  
132	200   	869.129 	334.221	-33.605 	1573.9  
133	200   	892.338 	334.828	51.8048 	1567.9  
134	200   	876.188 	321.763	83.2196 	1607.23 
135	200   	837.535 	377.694	38.1519 	1624.69 
136	200   	843.43  	367.146	-380.273	1625.66 
137	200   	884.671 	342.09 	-368.506	1619.44 
138	200   	843.998 	333.341	-75.9921	1560.15 
139	200   	851.43  	348.367	76.6252 	1584.69 
140	200   	860.675 	352.584	-864.012	1635.38 
141	200   	834.252 	329.8  	99.5125 	1623.31 
142	200   	846.29  	355.868	-966.901	1597.1  
143	200   	848.684 	380.29 	-592.257	1749.64 
144	200   	860.344 	390.483	-1113   	1605.95 
145	200   	828.03  	371.364	-1306.29	1676.52 
146	200   	916.444 	340.429	201.664 	1593.86 
147	200   	839.85  	348.919	-242.174	1681.49 
148	200   	838.464 	360.152	-133.629	1599.62 
149	200   	850.378 	361.486	111.323 	1652.47 
150	200   	900.544 	378.355	-532.609	1621.35 
151	200   	831.038 	344.061	125.127 	1629.18 
152	200   	921.202 	326.967	291.724 	1609.08 
153	200   	866.097 	337.746	-124.081	1620.26 
154	200   	844.383 	348.696	-881.056	1588.77 
155	200   	866.648 	321.209	-7.21095	1569.89 
156	200   	913.487 	326.067	124.208 	1674.94 
157	200   	868.14  	344.886	-230.664	1587.02 
158	200   	854.399 	339.396	-101.594	1634.24 
159	200   	866.802 	326.236	256.475 	1555.66 
160	200   	937.336 	359.826	-43.5508	1580.57 
161	200   	848.516 	361.619	-385.595	1554.06 
162	200   	923.595 	356.023	-856.586	1610.93 
163	200   	897.244 	321.668	46.9406 	1596.46 
164	200   	845.037 	329.256	196.434 	1684.04 
165	200   	909.617 	357.532	-205.841	1569.33 
166	200   	857.908 	332.928	-84.5076	1536.28 
167	200   	890.765 	335.144	-134.065	1573.58 
168	200   	861.48  	333.545	149.093 	1640.08 
169	200   	891.371 	368.921	-518.854	1645.63 
170	200   	844.017 	325.796	231.282 	1575.31 
171	200   	852.174 	345.417	67.2262 	1633.57 
172	200   	903.155 	333.483	-138.74 	1661.92 
173	200   	863.985 	326.24 	70.8427 	1606.96 
174	200   	865.035 	334.374	-77.5372	1535.01 
175	200   	845.737 	349.212	40.6588 	1614.61 
176	200   	871.904 	344.506	-48.258 	1649.13 
177	200   	894.703 	342.268	117.954 	1686.13 
178	200   	866.247 	349.78 	-665.391	1626.42 
179	200   	888.901 	342.693	263.596 	1660.38 
180	200   	870.234 	323.648	-169.456	1584.27 
181	200   	855.032 	334.453	-50.4068	1555.07 
182	200   	858.157 	334.873	12.9355 	1645.32 
183	200   	924.816 	328.913	104.836 	1649.82 
184	200   	902.066 	365.57 	165.892 	1670.35 
185	200   	920.531 	363.321	1.08125 	1637.64 
186	200   	898.82  	323.448	309.588 	1650.06 
187	200   	908.379 	315.383	-226.822	1559.33 
188	200   	919.318 	342.789	50.1016 	1638.13 
189	200   	881.117 	341.945	-252.254	1631.24 
190	200   	930.272 	329.968	210.979 	1608.21 
191	200   	886.353 	328.62 	-64.0128	1640.39 
192	200   	976.376 	344.858	85.7519 	1657.58 
193	200   	907.334 	343.164	42.0555 	1583.73 
194	200   	933.085 	337.767	141.404 	1581.91 
195	200   	889.024 	332.321	158.467 	1586.01 
196	200   	907.226 	317.83 	129.045 	1690.01 
197	200   	919.967 	345.293	196.749 	1622    
198	200   	942.842 	341.412	230.118 	1578.33 
199	200   	913.294 	341.555	-10.2408	1609.97 
200	200   	941.258 	328.545	250.154 	1585.12 
201	200   	927.052 	350.666	-42.8872	1631.47 
202	200   	890.746 	326.518	159.091 	1666.27 
203	200   	906.83  	353.55 	148.64  	1583.09 
204	200   	886.689 	334.587	107.654 	1684.26 
205	200   	910.615 	329.376	-179.701	1601.76 
206	200   	968.216 	331.847	322.497 	1629.05 
207	200   	912.499 	329.735	167.879 	1685.83 
208	200   	944.779 	333.541	174.083 	1628.65 
209	200   	913.482 	352.975	210.725 	1604.67 
210	200   	969.131 	329.67 	-45.1347	1642.53 
211	200   	951.616 	310.967	127.881 	1571.93 
212	200   	953.569 	317.318	163.019 	1627.2  
213	200   	953.994 	316.124	150.58  	1648.66 
214	200   	973.209 	340.955	170.6   	1579.31 
215	200   	945.228 	344.962	64.1691 	1688.02 
216	200   	955.232 	332.226	207.65  	1622.76 
217	200   	992.568 	309.821	379.402 	1593.51 
218	200   	920.942 	320.166	145.895 	1525.22 
219	200   	934.627 	337.121	215.819 	1658.91 
220	200   	941.705 	358.94 	227.132 	1747.21 
221	200   	972.334 	333.148	296.902 	1660.52 
222	200   	1012.58 	351.801	161.097 	1638.63 
223	200   	979.253 	347.886	232.496 	1640.58 
224	200   	922.879 	343.143	287.24  	1626.91 
225	200   	987.658 	334.676	358.774 	1601.15 
226	200   	983.969 	326.925	210.894 	1651.23 
227	200   	926.905 	348.046	137.998 	1698.17 
228	200   	893.154 	352.625	-590.057	1653.4  
229	200   	947.69  	331.118	250.824 	1697.45 
230	200   	958.761 	311.676	286.399 	1681.43 
231	200   	968.496 	349.605	299.861 	1670.97 
232	200   	975.525 	349.559	94.2618 	1701.61 
233	200   	1007.85 	349.865	120.736 	1690.97 
234	200   	954.636 	325.252	84.3888 	1578.2  
235	200   	999.09  	336.026	174.004 	1628.42 
236	200   	952.055 	333.655	265.354 	1634.64 
237	200   	991.135 	344.789	259.532 	1608.68 
238	200   	972.45  	335.343	324.798 	1670.13 
239	200   	972.932 	338.922	295.536 	1658.34 
240	200   	916.753 	339.602	203.748 	1663.6  
241	200   	954.218 	340.827	42.4267 	1658.53 
242	200   	976.263 	333.097	213.122 	1615.82 
243	200   	966.7   	333.814	257.795 	1609.52 
244	200   	906.254 	339.146	61.9054 	1636.12 
245	200   	963.528 	333.685	179.905 	1684.69 
246	200   	995.052 	364.257	110.592 	1684.05 
247	200   	923.081 	352.738	276.782 	1669.25 
248	200   	948.255 	348.016	255.054 	1607.76 
249	200   	998.227 	335.938	247.72  	1635.78 
250	200   	969.37  	337.809	197.178 	1680    
251	200   	911.801 	316.342	319.551 	1592.68 
252	200   	965.655 	348.264	68.4805 	1692.26 
253	200   	970.739 	327.697	84.5642 	1586.99 
254	200   	951.224 	335.549	295.426 	1688.21 
255	200   	990.055 	317.376	308.306 	1639.83 
256	200   	972.83  	352.438	222.499 	1700.62 
257	200   	993.121 	315.029	227.772 	1611.17 
258	200   	969.349 	333.444	161.173 	1620.17 
259	200   	973.355 	329.523	159.869 	1598.03 
260	200   	977.546 	324.594	267.655 	1608.61 
261	200   	948.627 	327.849	195.613 	1571.84 
262	200   	998.646 	312.204	313.427 	1649.31 
263	200   	962.82  	323.584	238.244 	1661.21 
264	200   	988.622 	316.056	169.54  	1591.11 
265	200   	961.047 	308.443	262.725 	1685.35 
266	200   	967.166 	333.69 	146.444 	1628.06 
267	200   	947.168 	340.349	136.261 	1713.79 
268	200   	981.649 	344.727	232.008 	1693.55 
269	200   	933.052 	298.382	142.027 	1573.42 
270	200   	981.582 	329.769	261.897 	1583.81 
271	200   	980.583 	339.144	226.062 	1644.57 
272	200   	1005.59 	345.139	218.818 	1724.1  
273	200   	1002.87 	309.776	310.855 	1709.1  
274	200   	1033.06 	350.599	129.957 	1663.12 
275	200   	982.559 	322.809	333.145 	1645.37 
276	200   	960.771 	337.666	283.369 	1610.34 
277	200   	974.139 	341.893	137.05  	1649.89 
278	200   	977.644 	320.217	279.307 	1747.41 
279	200   	970.399 	332.289	96.3281 	1714.5  
280	200   	973.718 	324.714	243.092 	1722.42 
281	200   	970.375 	339.148	299.135 	1658.17 
282	200   	994.022 	325.487	227.002 	1594.53 
283	200   	990.596 	325.328	298.155 	1567.7  
284	200   	979.076 	339.784	301.804 	1588.89 
285	200   	969.046 	340.081	228.325 	1683.42 
286	200   	969.561 	330.517	154.108 	1659.08 
287	200   	1010.55 	333.218	189.831 	1578.41 
288	200   	1023.78 	327.597	340.39  	1637.34 
289	200   	995.533 	333.826	245.932 	1688.23 
290	200   	997.673 	333.979	251.923 	1690.42 
291	200   	1005    	316.01 	270.649 	1610.45 
292	200   	966.557 	328.521	244.947 	1680.36 
293	200   	962.742 	338.361	218.817 	1602.32 
294	200   	978.369 	338.11 	-2.65233	1584.48 
295	200   	960.494 	354.696	-137.279	1628.8  
296	200   	1034.31 	344.713	171.019 	1651.09 
297	200   	1008.11 	349.901	132.947 	1637.36 
298	200   	1063.47 	337.228	296.181 	1704.81 
299	200   	977.589 	336.978	133.703 	1640.44 
300	200   	990.789 	337.835	-204.626	1598.22 
301	200   	978.341 	357.541	62.3832 	1613.85 
302	200   	1060.53 	325.757	81.6312 	1706.48 
303	200   	998.654 	317.894	-20.7181	1606.84 
304	200   	1005.28 	324.789	178.703 	1660.73 
305	200   	979.539 	309.383	280.063 	1697.11 
306	200   	980.376 	340.553	45.9662 	1603.91 
307	200   	986.331 	286.264	398.767 	1611.61 
308	200   	1020.25 	330.374	40.8129 	1615.3  
309	200   	937.521 	306.867	262.263 	1607.58 
310	200   	976.427 	362.301	121.369 	1660.12 
311	200   	991.872 	342.441	-1709.22	1608.37 
312	200   	1039.93 	330.594	289.67  	1653.06 
313	200   	965.632 	349.333	242.812 	1633.59 
314	200   	1020.18 	338.659	158.219 	1650.17 
315	200   	962.938 	290.822	287.099 	1547.91 
316	200   	938.454 	312.339	222.813 	1630.48 
317	200   	949.432 	339.444	294.657 	1650    
318	200   	1016.56 	328.108	177.934 	1630.37 
319	200   	992.105 	335.775	123.014 	1589.36 
320	200   	916.644 	332.982	-556.196	1622    
321	200   	1040.95 	323.346	369.398 	1652.18 
322	200   	1000.9  	335.974	97.7425 	1616.89 
323	200   	1009.06 	344.14 	217.54  	1609.43 
324	200   	1021.21 	330.432	386.709 	1679.83 
325	200   	991.713 	343.904	109.136 	1678.48 
326	200   	1035.3  	329.647	227.075 	1666.29 
327	200   	1038.34 	335.449	194.21  	1694.3  
328	200   	1007.53 	328.96 	154.625 	1660.43 
329	200   	984.309 	319.61 	336.574 	1624.86 
330	200   	976.435 	338.791	269.311 	1598.19 
331	200   	994.684 	348.361	-130.821	1653.32 
332	200   	1057.43 	323.684	295.557 	1644.03 
333	200   	956.972 	308.945	214.984 	1627.74 
334	200   	1024.2  	335.234	173.276 	1642.82 
335	200   	1025.91 	318.013	245.172 	1644.45 
336	200   	1024.38 	306.088	115.927 	1606.21 
337	200   	1032.17 	296.292	188.108 	1634.54 
338	200   	1013.88 	321.26 	90.9863 	1627.37 
339	200   	1034.38 	313.591	-44.4457	1616.07 
340	200   	1008.35 	332.318	-108.609	1603.75 
341	200   	1020.2  	335.26 	104.192 	1651.36 
342	200   	999.548 	341.856	-50.6433	1599.67 
343	200   	968.89  	332.493	-41.3698	1603.05 
344	200   	1006.84 	314.884	-24.4808	1700.04 
345	200   	946.885 	322.222	-210.939	1584.18 
346	200   	984.939 	357.064	-140.583	1652.57 
347	200   	1003.65 	357.805	-421.585	1719.63 
348	200   	988.99  	330.926	176.828 	1696.25 
349	200   	1001.39 	327.96 	133.552 	1610.03 
350	200   	1008.84 	344.408	-76.5031	1716.45 
351	200   	1000.51 	325.611	146.061 	1624.13 
352	200   	1001.64 	346.578	-123.339	1678.07 
353	200   	1001.39 	357.868	-180.111	1653.59 
354	200   	1002.59 	322.799	251.406 	1602.75 
355	200   	1044.52 	337.889	-235.951	1627.03 
356	200   	1022.59 	332.866	150.304 	1613.9  
357	200   	977.318 	332.702	-20.9182	1562.93 
358	200   	976.198 	328.169	198.906 	1644.05 
359	200   	1037.04 	347.009	251.958 	1615.98 
360	200   	1031.04 	324.504	58.3718 	1640.09 
361	200   	1019.5  	314.358	82.1341 	1616.71 
362	200   	1043.48 	303.724	240.036 	1622.62 
363	200   	997.608 	347.633	29.9866 	1575.33 
364	200   	1040.29 	322.771	326.655 	1674.56 
365	200   	1033.9  	317.748	285.803 	1644.25 
366	200   	1052.94 	317.453	404.552 	1638.76 
367	200   	1077.43 	313.86 	349.91  	1649.95 
368	200   	1047.93 	329.989	272.33  	1675.61 
369	200   	985.704 	328.821	346.555 	1665.58 
370	200   	1056.89 	304.827	368.425 	1631.19 
371	200   	1085.81 	324.043	-107.646	1623.32 
372	200   	1045.39 	324.876	133.08  	1670.48 
373	200   	1053.51 	321.719	248.774 	1629.54 
374	200   	1071.04 	314.75 	140.257 	1599.61 
375	200   	1043.33 	322.968	135.35  	1627.93 
376	200   	1011.41 	325.55 	128.419 	1634.16 
377	200   	1033.7  	322.811	247.696 	1639.71 
378	200   	1058.46 	321.08 	-52.4332	1723.37 
379	200   	1044.23 	327.35 	80.9854 	1644.88 
380	200   	1038.45 	292.971	287.317 	1556.77 
381	200   	1068.31 	329.819	290.994 	1672.43 
382	200   	1038.13 	326.171	208.578 	1641.64 
383	200   	1027.8  	317.087	299.259 	1643.37 
384	200   	1083.26 	303.967	184.637 	1677.1  
385	200   	1029.24 	326.335	273.581 	1604.57 
386	200   	1022.51 	310.859	363.746 	1588.21 
387	200   	1130.65 	314.115	194.865 	1603.14 
388	200   	1032.64 	320.748	63.45   	1600.48 
389	200   	1092.61 	330.454	279.493 	1660.37 
390	200   	1054.7  	286.549	396.884 	1658.56 
391	200   	1065.67 	327.063	208.76  	1651.95 
392	200   	1067.68 	320.438	243.487 	1574.34 
393	200   	1081.21 	318.497	182.264 	1635.86 
394	200   	1030.54 	337.166	-116.997	1707.15 
395	200   	1095.11 	330.512	-221.064	1629.11 
396	200   	1042.46 	309.69 	381.87  	1606.16 
397	200   	1060.96 	315.03 	45.9939 	1661.37 
398	200   	1041.2  	315.511	91.8278 	1717.99 
399	200   	1086.11 	310.329	227.597 	1575.09 
400	200   	1050.71 	319.958	331.405 	1617.85 
401	200   	1036.58 	344.622	-8.8456 	1622.38 
402	200   	1037.16 	315.381	-18.8115	1591.41 
403	200   	1061.37 	287.208	181.838 	1704.86 
404	200   	1107.88 	324.667	-76.245 	1627.37 
405	200   	1095.16 	298.567	249.708 	1598.78 
406	200   	1043.37 	338.622	155.164 	1668.61 
407	200   	1069.73 	323.164	-50.9593	1641.92 
408	200   	1088.32 	304.05 	270.671 	1611.85 
409	200   	1079.31 	321.4  	293.798 	1671.11 
410	200   	1068.59 	299.384	163.251 	1610.91 
411	200   	1072.34 	335.286	48.9138 	1661.81 
412	200   	1026.58 	299.169	211.961 	1624.37 
413	200   	1072.71 	323.439	-220.131	1647.71 
414	200   	1026.41 	320.137	108.947 	1612.35 
415	200   	1079.34 	316.717	219.024 	1629.37 
416	200   	1052.97 	310.605	110.306 	1643.7  
417	200   	1043.56 	315.442	222.332 	1709.88 
418	200   	1109.29 	311.887	382.233 	1665.21 
419	200   	1065.98 	310.313	358.88  	1704.04 
420	200   	1022.5  	321.83 	113.271 	1647.11 
421	200   	1064.22 	309.447	285.089 	1618.91 
422	200   	1075.9  	303.626	414.6   	1651.51 
423	200   	1055.03 	343.145	31.824  	1575.45 
424	200   	1071.9  	297.898	446.61  	1607.47 
425	200   	1084.24 	323.419	-227.585	1619.82 
426	200   	1081.3  	305.546	61.787  	1595.61 
427	200   	1071.48 	342.112	-109.922	1666.85 
428	200   	1104.41 	300.315	326.016 	1674.29 
429	200   	1093.1  	328.141	106.153 	1741.69 
430	200   	1079.02 	301.624	397.629 	1690.22 
431	200   	1073.84 	320.23 	227.702 	1658.65 
432	200   	1073.65 	305.726	378.656 	1642.5  
433	200   	1048.4  	319.228	245.366 	1693.27 
434	200   	1055.85 	330.534	-79.1889	1715.77 
435	200   	1089.77 	313.033	258.298 	1687.7  
436	200   	1115.22 	298.654	365.885 	1665.93 
437	200   	1066.21 	311.93 	246.329 	1646.23 
438	200   	1100.57 	298.813	273.639 	1606.3  
439	200   	1108.41 	297.066	295.396 	1635.39 
440	200   	1116.89 	318.635	370.355 	1668.89 
441	200   	1075.77 	323.725	259.655 	1642.92 
442	200   	1074.16 	313.567	184.601 	1647.56 
443	200   	1107.09 	285.33 	471.19  	1593.96 
444	200   	1112.7  	299.257	431.397 	1648.69 
445	200   	1081.57 	299.156	355.805 	1647.41 
446	200   	1118    	302.605	379.898 	1704.56 
447	200   	1113.77 	287.121	301.486 	1656.22 
448	200   	1101.73 	320.848	222.648 	1669.72 
449	200   	1055.9  	302.797	356.761 	1668.25 
450	200   	1089.17 	292.801	296.761 	1685.22 
451	200   	1113.07 	316.552	369.587 	1673.08 
452	200   	1091.91 	297.677	281.246 	1627.06 
453	200   	1100.31 	313.34 	74.0326 	1620.11 
454	200   	1091.75 	297.274	401.312 	1701.46 
455	200   	1098.01 	305.111	217.502 	1648.03 
456	200   	1093.12 	301.751	202.123 	1634.83 
457	200   	1113.17 	312.645	354.217 	1668.63 
458	200   	1109.69 	306.839	300.34  	1675.74 
459	200   	1088.57 	308.586	159.797 	1672.61 
460	200   	1129.54 	299.818	436.742 	1637.97 
461	200   	1066.04 	302.361	281.689 	1708.89 
462	200   	1069.09 	324.41 	357.184 	1644.74 
463	200   	1120.84 	320.797	235.937 	1737.43 
464	200   	1124.25 	279.045	404.044 	1701.62 
465	200   	1109    	277.071	376.953 	1615.91 
466	200   	1160.86 	278.337	497.633 	1677.66 
467	200   	1098.9  	309.816	247.37  	1633.38 
468	200   	1139.4  	305.309	357.95  	1642.01 
469	200   	1089.62 	301.824	438.291 	1610.29 
470	200   	1105.54 	294.845	320.805 	1639.14 
471	200   	1135.05 	302.886	10.4355 	1630.98 
472	200   	1106.78 	302.625	318.938 	1656.13 
473	200   	1111.01 	309.631	269.271 	1664.52 
474	200   	1128.82 	285.031	416.633 	1629.54 
475	200   	1123.4  	301.638	280.244 	1670.39 
476	200   	1145.54 	300.105	295.029 	1674.44 
477	200   	1111.33 	293.907	427.123 	1646.98 
478	200   	1125    	307.941	334.082 	1648    
479	200   	1098.58 	288.638	430.796 	1679.9  
480	200   	1112.43 	310.578	192.577 	1626.07 
481	200   	1109.27 	292.721	374.361 	1710.41 
482	200   	1099.48 	289.137	295.49  	1568.17 
483	200   	1129.2  	297.3  	402.472 	1699.17 
484	200   	1155.3  	289.393	419.775 	1716.98 
485	200   	1141.74 	289.426	284.514 	1616.98 
486	200   	1149.23 	293.698	300.577 	1637.58 
487	200   	1170.41 	295.785	307.483 	1691.09 
488	200   	1109.63 	299.686	368.983 	1649.13 
489	200   	1114.21 	285.561	465.812 	1668.14 
490	200   	1102.43 	294.443	249.861 	1669.55 
491	200   	1178.31 	282.925	479.783 	1607.3  
492	200   	1159.08 	285.777	472.084 	1666.86 
493	200   	1170.02 	280.389	379.979 	1720.76 
494	200   	1144.3  	271.1  	242.032 	1599.79 
495	200   	1152.46 	292.029	306.061 	1673.43 
496	200   	1172.47 	272.69 	305.094 	1709.51 
497	200   	1185.79 	283.668	275.722 	1664.14 
498	200   	1153.23 	298.594	163.431 	1779.66 
499	200   	1147.8  	278.334	426.079 	1658.19 
500	200   	1175.41 	289.099	561.152 	1689.37 
501	200   	1129.31 	257.681	457.643 	1593.76 
502	200   	1124.81 	278.257	327.647 	1693.04 
503	200   	1122.11 	300.876	429.51  	1678.32 
504	200   	1149.4  	272.197	425.599 	1656.95 
505	200   	1116.23 	305.12 	251.484 	1667.28 
506	200   	1145.84 	283.878	384.091 	1669.37 
507	200   	1158.12 	254.352	522.429 	1660.39 
508	200   	1132.32 	274.499	390.798 	1616.35 
509	200   	1160.02 	293.688	352.732 	1641.78 
510	200   	1167.98 	292.876	335.48  	1671.24 
511	200   	1203.63 	286.567	328.993 	1664.08 
512	200   	1153.82 	291.761	438.33  	1648.57 
513	200   	1139.23 	304.301	272.901 	1674.29 
514	200   	1187.32 	274.09 	381.107 	1684.09 
515	200   	1140.42 	279.768	428.5   	1669.68 
516	200   	1152.08 	280.212	439.493 	1695.55 
517	200   	1146.78 	282.02 	394.244 	1652.62 
518	200   	1193.36 	263.697	437.638 	1596.24 
519	200   	1211.5  	259.54 	475.819 	1717.46 
520	200   	1164.62 	296.63 	354.301 	1652.06 
521	200   	1200.47 	255.937	527.497 	1655.04 
522	200   	1145.35 	297.229	242.386 	1656.36 
523	200   	1155.24 	279.081	467.345 	1695.27 
524	200   	1131.27 	281.931	473.573 	1660.98 
525	200   	1102.54 	319.401	329.068 	1693.37 
526	200   	1133.14 	281.938	440.84  	1668.9  
527	200   	1204.14 	296.161	350.549 	1680.78 
528	200   	1171.44 	246.382	415.4   	1678.08 
529	200   	1169.67 	283.498	393.671 	1633.27 
530	200   	1148.17 	275.95 	391.146 	1627.76 
531	200   	1157.74 	265.014	539.135 	1657.61 
532	200   	1137.73 	279.461	270.235 	1652.38 
533	200   	1135.01 	287.204	370.909 	1703.31 
534	200   	1190.7  	268.01 	321.668 	1675.7  
535	200   	1199.04 	277.017	499.902 	1700.72 
536	200   	1190.04 	289.535	323.832 	1704.06 
537	200   	1199.68 	278.927	372.902 	1662.95 
538	200   	1136.2  	293.184	340.137 	1669.38 
539	200   	1158.93 	271.727	455.895 	1639.38 
540	200   	1182.04 	262.773	430.968 	1692.83 
541	200   	1154.78 	297.335	311.085 	1691.77 
542	200   	1167.24 	285.36 	419.972 	1715.66 
543	200   	1166.06 	284.745	315.893 	1642.28 
544	200   	1158.42 	280.628	469.248 	1615.13 
545	200   	1158.75 	306.219	369.969 	1693.14 
546	200   	1182.8  	286.989	374.272 	1674.84 
547	200   	1213.07 	260.596	504.16  	1627.34 
548	200   	1180.49 	259.738	521.897 	1759.73 
549	200   	1171.27 	284.821	303.759 	1651.8  
550	200   	1205.27 	295.726	357.594 	1666.05 
551	200   	1162.24 	294.87 	278.161 	1626.98 
552	200   	1145.56 	288.574	428.891 	1641.69 
553	200   	1196.33 	256.011	500.686 	1641.78 
554	200   	1155.84 	281.472	450.377 	1655.83 
555	200   	1208.53 	292.437	417.29  	1734.68 
556	200   	1169.63 	289.825	174.568 	1723.99 
557	200   	1173.93 	282.981	272.49  	1634.98 
558	200   	1193.36 	258.095	455.785 	1639.95 
559	200   	1176.73 	271.555	486.157 	1614.22 
560	200   	1197.41 	262.809	368.3   	1641.83 
561	200   	1191.38 	257.324	418.479 	1634.78 
562	200   	1169.48 	268.41 	548.406 	1592.48 
563	200   	1194.89 	257.681	562.071 	1671.78 
564	200   	1199.58 	275.99 	183.488 	1691.46 
565	200   	1209.8  	260.442	390.916 	1681.79 
566	200   	1207.77 	273.007	363.938 	1696.4  
567	200   	1172.84 	289.289	298.768 	1675.29 
568	200   	1166.13 	280.573	344.903 	1641.07 
569	200   	1173.67 	286.842	390.497 	1681    
570	200   	1203.88 	289.315	310.765 	1659.76 
571	200   	1215.7  	281.202	478.271 	1680.16 
572	200   	1189.61 	301.487	275.864 	1671.68 
573	200   	1178.15 	277.057	462.988 	1642    
574	200   	1201.32 	263.378	386.649 	1637.17 
575	200   	1198.05 	247.682	453.53  	1647.06 
576	200   	1172.47 	277.103	438.341 	1598.85 
577	200   	1199.45 	274.819	252.323 	1689.54 
578	200   	1192.36 	263.412	317.509 	1612.88 
579	200   	1204    	257.006	457.425 	1674.64 
580	200   	1206.1  	288.846	361.832 	1698.25 
581	200   	1206.6  	286.062	208.883 	1735.82 
582	200   	1171.9  	330.208	-797.037	1640.06 
583	200   	1187.55 	284.483	388.8   	1659.56 
584	200   	1164.34 	294.715	318.624 	1641.95 
585	200   	1206.14 	292.032	407.397 	1641.37 
586	200   	1208.27 	265.079	462.186 	1685    
587	200   	1207.87 	264.55 	341.105 	1661.63 
588	200   	1245.35 	264.006	507.999 	1693.98 
589	200   	1212.09 	297.355	425.821 	1658.4  
590	200   	1187.9  	257.956	360.193 	1612.7  
591	200   	1154.35 	304.312	248.797 	1659.25 
592	200   	1185.84 	277.325	459.813 	1731.64 
593	200   	1187.09 	288.885	360.906 	1750.73 
594	200   	1209.05 	292.589	351.646 	1669.62 
595	200   	1159.72 	299.564	385.834 	1654.3  
596	200   	1178.67 	303.124	211.966 	1644.08 
597	200   	1146.88 	298.92 	209.348 	1745.15 
598	200   	1164.13 	288.614	414.058 	1663.85 
599	200   	1158.53 	287.964	396.601 	1675.04 
600	200   	1217.93 	266.225	520.432 	1722.18 
601	200   	1163.17 	297.036	353.263 	1664.67 
602	200   	1154.7  	303.313	245.568 	1631.69 
603	200   	1162.87 	297.936	440.493 	1682.62 
604	200   	1170.39 	285.514	169.885 	1735.79 
605	200   	1194.77 	280.938	408.958 	1663.15 
606	200   	1180.49 	301.602	218.238 	1635.1  
607	200   	1159.43 	297.34 	111.212 	1736.8  
608	200   	1183.91 	302.903	344.823 	1683.49 
609	200   	1153.85 	283.015	222.836 	1636.23 
610	200   	1228.61 	278.972	364.833 	1686.06 
611	200   	1146.45 	284.441	392.343 	1715.64 
612	200   	1186.71 	312.149	-577.571	1675.57 
613	200   	1205.36 	293.435	302.799 	1710.2  
614	200   	1200.04 	283.91 	435.472 	1685.04 
615	200   	1193.64 	265.39 	273.705 	1677.51 
616	200   	1238.81 	249.39 	468.738 	1680.14 
617	200   	1196.53 	298    	331.351 	1643.39 
618	200   	1215.92 	275.924	432.24  	1690.67 
619	200   	1197.52 	280.398	357.585 	1682.53 
620	200   	1203.62 	293.78 	-308.066	1704.22 
621	200   	1208.33 	283.492	312.097 	1702.2  
622	200   	1203.38 	277.402	388.298 	1707.26 
623	200   	1222.12 	296.993	147.064 	1694.35 
624	200   	1202.03 	281.434	410.823 	1739.1  
625	200   	1186.8  	305.603	236.193 	1705.68 
626	200   	1198.37 	293.711	398.009 	1744.63 
627	200   	1185.8  	279.855	524.658 	1652.7  
628	200   	1198.71 	285.196	336.093 	1690.05 
629	200   	1204.56 	295.872	299.28  	1683.43 
630	200   	1227.51 	286.558	326.277 	1771.31 
631	200   	1213.46 	300.524	246.421 	1730.3  
632	200   	1202.88 	299.84 	323.696 	1711.62 
633	200   	1187.9  	285.85 	429.188 	1689.16 
634	200   	1200.77 	282.737	407.54  	1688.96 
635	200   	1213.56 	285.271	209.79  	1663.67 
636	200   	1200.88 	290.394	236.261 	1696.47 
637	200   	1206.06 	299.355	196.793 	1697.61 
638	200   	1210.98 	270.273	406.816 	1690.98 
639	200   	1228.77 	278.812	474.433 	1688.44 
640	200   	1213.65 	279.898	424.187 	1728.95 
641	200   	1207.6  	281.343	372.01  	1674.85 
642	200   	1209.33 	282.638	365.843 	1699.33 
643	200   	1204.34 	290.848	116.978 	1684.18 
644	200   	1201.52 	295.129	290.438 	1702.81 
645	200   	1241.24 	285.966	423.619 	1707.61 
646	200   	1246.93 	270.462	464.598 	1661.71 
647	200   	1206.37 	275.026	413.005 	1688.75 
648	200   	1246.18 	283.898	553.398 	1741.6  
649	200   	1185.3  	267.123	459.229 	1681.84 
650	200   	1210.99 	277.166	482.803 	1657.88 
651	200   	1171.42 	295.333	388.172 	1684.41 
652	200   	1223.91 	304.105	171.154 	1697.3  
653	200   	1137.73 	293.984	438.954 	1687.2  
654	200   	1208.04 	303.707	419.226 	1715.42 
655	200   	1215.99 	300.953	324.598 	1754.92 
656	200   	1182.18 	297.971	402.191 	1672.81 
657	200   	1249.5  	271.712	428.923 	1689.57 
658	200   	1204.98 	302.694	316.35  	1658.15 
659	200   	1238.37 	268.345	436.364 	1723.21 
660	200   	1209.29 	294.194	341.803 	1752.62 
661	200   	1220.13 	295.713	264.273 	1698.25 
662	200   	1225.3  	326.446	0.611535	1743.03 
663	200   	1202.24 	301.456	347.845 	1693.53 
664	200   	1179.35 	317.973	-163.478	1666.84 
665	200   	1265.1  	285.289	323.106 	1744.5  
666	200   	1242.15 	283.925	419.087 	1704.78 
667	200   	1202.21 	322.211	378.227 	1696.73 
668	200   	1230.97 	291.084	211.209 	1732.51 
669	200   	1230.54 	300.414	323.994 	1695.87 
670	200   	1232.89 	288.998	494.185 	1757.13 
671	200   	1254.7  	315.708	346.549 	1707.71 
672	200   	1240.48 	317.964	-72.955 	1768.12 
673	200   	1255.63 	288.363	309.797 	1729.9  
674	200   	1250.88 	276.5  	554.124 	1702.46 
675	200   	1266.19 	296.786	319.801 	1741.28 
676	200   	1296.01 	292.268	306.997 	1743.12 
677	200   	1261.87 	275.706	229.192 	1677.47 
678	200   	1239.39 	295.152	453.125 	1713.71 
679	200   	1293.07 	273.307	484.038 	1742.01 
680	200   	1263.56 	282.077	420.314 	1729.76 
681	200   	1265.7  	276.678	467.134 	1701.07 
682	200   	1254.01 	279.262	303.946 	1757.37 
683	200   	1252.51 	289.561	458.847 	1708.06 
684	200   	1289.63 	302.114	349.112 	1730.32 
685	200   	1266.81 	314.361	388.06  	1739.15 
686	200   	1247.57 	281.465	482.55  	1771.11 
687	200   	1264.38 	273.997	450.992 	1742.92 
688	200   	1296.49 	288.615	472.955 	1741.48 
689	200   	1273.01 	289.725	355.063 	1717.55 
690	200   	1301.43 	280.771	465.408 	1707.75 
691	200   	1267.12 	276.621	585.808 	1751.69 
692	200   	1284.45 	282.462	519.204 	1716.92 
693	200   	1256.02 	292.883	368.885 	1728.52 
694	200   	1265.78 	312.955	437.35  	1741.13 
695	200   	1272.12 	295.501	417.527 	1759.32 
696	200   	1279.03 	291.918	313.72  	1728.23 
697	200   	1285.76 	273.627	315.474 	1659.2  
698	200   	1294.13 	288.63 	363.302 	1727.39 
699	200   	1277.24 	300.068	431.301 	1703.51 
700	200   	1292.91 	307.621	434.071 	1752.79 
701	200   	1284.4  	286.784	370.29  	1748.06 
702	200   	1259.34 	310.087	426.838 	1751.04 
703	200   	1251.52 	315.648	422.42  	1727.78 
704	200   	1278.14 	291.942	446.776 	1741.74 
705	200   	1298.49 	274.659	440.266 	1740.65 
706	200   	1318.28 	279.731	443.268 	1757.15 
707	200   	1307.8  	280.331	500.668 	1722.63 
708	200   	1297.37 	290.789	502.483 	1728.15 
709	200   	1304.4  	291.046	351.949 	1710.83 
710	200   	1324.46 	281.006	429.585 	1764.68 
711	200   	1269.19 	283.103	490.95  	1711.46 
712	200   	1271.13 	303.863	344.834 	1744.34 
713	200   	1299.46 	261.457	525.037 	1713.18 
714	200   	1313.1  	284.981	443.856 	1789.02 
715	200   	1307.2  	278.364	468.128 	1726.85 
716	200   	1279.84 	293.096	433.641 	1790.71 
717	200   	1283.78 	322.473	-76.0285	1737.48 
718	200   	1307.56 	270.304	501.201 	1750.84 
719	200   	1300.35 	307.127	389.374 	1752.43 
720	200   	1276.28 	300.887	423.526 	1744.52 
721	200   	1348.38 	284.4  	433.287 	1731.92 
722	200   	1309.85 	294.819	431.863 	1750.2  
723	200   	1284.45 	312.626	485.462 	1731.74 
724	200   	1287.24 	308.169	462.157 	1768.91 
725	200   	1362.84 	285.3  	319.266 	1772.57 
726	200   	1305.7  	336.715	462.559 	1719.81 
727	200   	1316.98 	317.452	421.295 	1731.89 
728	200   	1334.78 	313.547	364.368 	1753.35 
729	200   	1356.32 	308.702	301.073 	1760.71 
730	200   	1319.1  	318.723	268.919 	1739.82 
731	200   	1295.22 	343.643	498.512 	1762.13 
732	200   	1332.97 	340.231	288.671 	1757.58 
733	200   	1304.52 	347.381	409.9   	1768.79 
734	200   	1321.09 	330.051	404.228 	1733.44 
735	200   	1312.6  	349.195	374.799 	1729.13 
736	200   	1352.96 	330.603	394.947 	1768    
737	200   	1378.69 	305.561	269.523 	1749.94 
738	200   	1345.46 	327.6  	474.942 	1779.48 
739	200   	1335.29 	318.301	477.482 	1787.63 
740	200   	1360.42 	335.942	305.435 	1758.59 
741	200   	1352.16 	306.483	508.803 	1741.56 
742	200   	1345.39 	349.492	357.027 	1756.46 
743	200   	1330.74 	316.709	457.674 	1808.09 
744	200   	1306.96 	343.39 	160.122 	1730.39 
745	200   	1325.94 	345.452	378.342 	1740.93 
746	200   	1399.71 	293.109	393.415 	1756.66 
747	200   	1305.03 	351.924	381.325 	1755.37 
748	200   	1364.6  	330.123	400.741 	1755.81 
749	200   	1361.63 	336.59 	170.693 	1746.05 
750	200   	1403.97 	301.645	546.225 	1760.2  
751	200   	1353.02 	331.557	402.518 	1727.29 
752	200   	1365.84 	324.068	396.013 	1759.76 
753	200   	1418.38 	342.607	390.895 	1769.86 
754	200   	1382.85 	335.208	346.267 	1766.95 
755	200   	1391.8  	299.057	424.045 	1755.33 
756	200   	1393.76 	345.722	359.45  	1747.29 
757	200   	1416.88 	327.502	436.795 	1755.3  
758	200   	1379.24 	346.48 	395.606 	1760.4  
759	200   	1341.72 	368.479	296.963 	1765.8  
760	200   	1308.75 	379.538	342.325 	1753.8  
761	200   	1359.06 	355.111	323.253 	1806.82 
762	200   	1360.97 	364.212	415.47  	1732.7  
763	200   	1386.35 	370.111	273.297 	1759.38 
764	200   	1364.25 	370.689	335.25  	1766.51 
765	200   	1363.14 	364.796	311.67  	1779.59 
766	200   	1379.46 	335.999	324.532 	1736.9  
767	200   	1421.28 	314.046	326.578 	1742.53 
768	200   	1391.07 	372.895	345.842 	1761.31 
769	200   	1388.84 	362.511	240.305 	1770.13 
770	200   	1405.51 	335.348	330.97  	1738.35 
771	200   	1375.81 	379.196	293.694 	1757.38 
772	200   	1435.46 	297.857	365.297 	1767.75 
773	200   	1419.99 	353.5  	349.679 	1764.2  
774	200   	1338.04 	391.61 	348.204 	1773.11 
775	200   	1406.22 	360.799	434.634 	1779.73 
776	200   	1436.09 	313.177	302.304 	1781.87 
777	200   	1366.03 	367.846	364.34  	1771.41 
778	200   	1358.59 	365.587	350.432 	1780.71 
779	200   	1375.72 	354.035	343.606 	1757.93 
780	200   	1360.86 	385.473	328.749 	1770.37 
781	200   	1323.95 	387.761	348.405 	1758.16 
782	200   	1356.75 	396.762	313.716 	1818.24 
783	200   	1341.25 	368.954	309.018 	1829.15 
784	200   	1326.43 	392.24 	320.465 	1741.74 
785	200   	1394.51 	364.958	446.565 	1757.1  
786	200   	1357.67 	379.128	363.471 	1773.96 
787	200   	1361.77 	382.369	335.875 	1765.32 
788	200   	1343.64 	410.21 	245.987 	1751.52 
789	200   	1369.85 	408.417	338.371 	1785.49 
790	200   	1313.41 	414.852	339.461 	1757.98 
791	200   	1378.43 	385.232	319.155 	1772    
792	200   	1351.94 	406.893	231.835 	1767.12 
793	200   	1380.02 	379.23 	292.909 	1740.5  
794	200   	1407.66 	368.015	345.806 	1750.11 
795	200   	1363.59 	380.882	349.987 	1794.26 
796	200   	1367.47 	362.368	365.629 	1775.89 
797	200   	1356.73 	378.426	356.569 	1742.74 
798	200   	1364.99 	387.168	292.046 	1739.06 
799	200   	1376.7  	342.276	409.686 	1747.34 
800	200   	1342.46 	399.581	338.789 	1751.7  
801	200   	1360.58 	350.67 	338.985 	1756.73 
802	200   	1416.69 	336.89 	322.162 	1776.26 
803	200   	1345.43 	402.99 	357.732 	1757.72 
804	200   	1348.03 	374.919	338.178 	1807.27 
805	200   	1420.23 	346.285	197.696 	1747.46 
806	200   	1371.44 	384.961	273.772 	1753.41 
807	200   	1425.48 	353.093	272.313 	1801.09 
808	200   	1359.96 	405.603	317.75  	1776.58 
809	200   	1412.93 	344.385	320.31  	1758.24 
810	200   	1342.43 	390.468	330.492 	1745.64 
811	200   	1410.38 	353.185	336.901 	1752.73 
812	200   	1406.99 	369.931	287.169 	1762.32 
813	200   	1419.04 	328.603	275.33  	1742.31 
814	200   	1413.08 	352.264	257.392 	1745.15 
815	200   	1407.85 	351.167	358.313 	1790.44 
816	200   	1370.31 	386.659	296.896 	1760.79 
817	200   	1436.24 	332.686	285.848 	1754.82 
818	200   	1330.1  	389.509	323.651 	1753.02 
819	200   	1395.99 	370.201	250.966 	1791.54 
820	200   	1411.25 	358.344	393.28  	1784.72 
821	200   	1397.33 	355.733	273.426 	1761.68 
822	200   	1449.44 	313.667	369.22  	1793.93 
823	200   	1463.73 	311.106	372.416 	1778.31 
824	200   	1396.94 	361.49 	381.403 	1786.17 
825	200   	1422.82 	345.733	302.865 	1755.21 
826	200   	1395.77 	366.093	238.354 	1760.44 
827	200   	1435.87 	326.072	383.153 	1747.84 
828	200   	1478.59 	289.769	267.427 	1792.51 
829	200   	1493.1  	292.84 	381.572 	1760.35 
830	200   	1464.63 	318.642	244.15  	1750.25 
831	200   	1386.89 	380.043	291.336 	1732.12 
832	200   	1390.18 	346.893	383.689 	1780.45 
833	200   	1440.18 	328.127	169.641 	1730.92 
834	200   	1407.91 	361.642	288.234 	1785.3  
835	200   	1435.06 	337.376	306.225 	1771.57 
836	200   	1375.11 	386.601	290.905 	1789.61 
837	200   	1387.21 	368.156	349.145 	1767.37 
838	200   	1413.98 	386.824	309.784 	1759.93 
839	200   	1476.28 	319.408	285.859 	1763.84 
840	200   	1421.78 	355.696	359.868 	1799.97 
841	200   	1444.31 	333.688	347.319 	1779.56 
842	200   	1415.71 	368.88 	309.217 	1765.98 
843	200   	1454.12 	304.922	328.092 	1768.1  
844	200   	1356.95 	380.249	368.832 	1738.16 
845	200   	1432.95 	332.573	352.142 	1792.97 
846	200   	1469.82 	308.264	373.092 	1770.59 
847	200   	1469.52 	300.561	298.729 	1780.44 
848	200   	1474.11 	300.309	398.34  	1764.52 
849	200   	1482.64 	278.046	323.497 	1778.98 
850	200   	1468.76 	303.324	332.106 	1757.39 
851	200   	1441.18 	323.385	359.853 	1824.51 
852	200   	1468.75 	300.118	308.505 	1748.52 
853	200   	1437.5  	315.963	361.456 	1769.01 
854	200   	1448.24 	326.823	430.468 	1783.58 
855	200   	1425.58 	346.289	356.711 	1780.7  
856	200   	1466.06 	307.509	344.522 	1728.85 
857	200   	1479.08 	276.786	356.124 	1803.2  
858	200   	1454.79 	345.941	204.671 	1794.82 
859	200   	1434.33 	329.072	413.518 	1771.37 
860	200   	1409.18 	358.295	362.553 	1766.58 
861	200   	1413.93 	358.83 	266.31  	1751.13 
862	200   	1440.97 	329.64 	350.614 	1751.93 
863	200   	1439.05 	346.992	383.974 	1843.77 
864	200   	1433.75 	350.61 	256.383 	1765.71 
865	200   	1416.03 	373.731	332.307 	1761.85 
866	200   	1394.47 	380.835	-33.6199	1786.75 
867	200   	1454.74 	302.139	388.032 	1754.24 
868	200   	1460.58 	307.17 	439.106 	1762.21 
869	200   	1473.03 	305.056	346.903 	1742.05 
870	200   	1472.77 	312.688	414.216 	1762.01 
871	200   	1410.98 	371.447	302.493 	1816.44 
872	200   	1397.89 	379.023	310.414 	1766.22 
873	200   	1444.04 	347.504	353.878 	1754.13 
874	200   	1457.65 	296.759	518.572 	1782.8  
875	200   	1432.31 	310.486	341.075 	1779.88 
876	200   	1465.48 	291.049	290     	1758.25 
877	200   	1490.2  	283.859	428.802 	1778.54 
878	200   	1466.16 	311.439	363.862 	1782.31 
879	200   	1401.67 	345.787	205.553 	1793.45 
880	200   	1495.03 	264.401	365.222 	1770.96 
881	200   	1449.26 	354.257	275.444 	1763.32 
882	200   	1434.9  	353.703	333.015 	1754.61 
883	200   	1417.46 	380.514	310.07  	1772.31 
884	200   	1480.28 	320.282	373.843 	1783.19 
885	200   	1429.22 	352.267	273.486 	1753.92 
886	200   	1424.39 	363.04 	282.125 	1746.77 
887	200   	1470.09 	299.074	414.479 	1769.08 
888	200   	1471.41 	347.612	279.971 	1747.63 
889	200   	1465.13 	317.247	319.264 	1763.82 
890	200   	1426.13 	330.647	191.812 	1771.83 
891	200   	1449.92 	339.855	401.058 	1770.67 
892	200   	1473.37 	310.976	340.728 	1783.62 
893	200   	1439.37 	343.361	346.147 	1810.73 
894	200   	1460.25 	306.482	339.348 	1765.97 
895	200   	1483.68 	301.135	340.698 	1777.92 
896	200   	1439.47 	342.929	264.498 	1774.17 
897	200   	1464.72 	323.477	359.361 	1743.96 
898	200   	1480.74 	296.255	228.334 	1761.19 
899	200   	1460.53 	338.287	347.601 	1772.08 
900	200   	1496.17 	289.994	293.994 	1789.78 
901	200   	1463.66 	301.739	327.061 	1755.82 
902	200   	1464.08 	357.822	109.266 	1755.53 
903	200   	1471.6  	325.526	-144.779	1741.87 
904	200   	1480.77 	314.092	274.852 	1762.91 
905	200   	1476.92 	299.886	173.568 	1773.74 
906	200   	1447.12 	346.559	383.1   	1761.3  
907	200   	1444.66 	335.214	278.177 	1752.15 
908	200   	1475.83 	310.496	403.012 	1814.01 
909	200   	1499.73 	281.94 	301.653 	1778.16 
910	200   	1480.87 	316.367	296.715 	1782.17 
911	200   	1498.84 	286.147	377.189 	1762.44 
912	200   	1485.33 	292.595	394.759 	1794.06 
913	200   	1465.12 	331.99 	191.148 	1749.56 
914	200   	1439.02 	341.737	336.015 	1770.06 
915	200   	1471.31 	319.468	201.232 	1781.44 
916	200   	1444.94 	337.451	385.142 	1790.22 
917	200   	1508.05 	288.868	277.454 	1756.04 
918	200   	1503.15 	279.564	396.638 	1793.27 
919	200   	1512.49 	289.073	387.452 	1784.46 
920	200   	1487.39 	301.802	348.525 	1756.67 
921	200   	1526.26 	275.632	233.641 	1765.76 
922	200   	1471.92 	310.759	297.876 	1749.23 
923	200   	1471.67 	324.478	353.243 	1775.07 
924	200   	1463.22 	329.921	361.299 	1779.52 
925	200   	1438.24 	369.381	125.455 	1763.68 
926	200   	1388.72 	394.394	231.189 	1787.63 
927	200   	1470.75 	311.355	393.369 	1783.52 
928	200   	1477.66 	315.456	283.424 	1782.5  
929	200   	1477.51 	343.759	350.9   	1765.91 
930	200   	1502.12 	324.439	266.895 	1768.39 
931	200   	1487.42 	320.079	380.463 	1782.86 
932	200   	1482.9  	317.321	395.205 	1788.11 
933	200   	1462.82 	321.183	376.399 	1759.12 
934	200   	1442.56 	341.075	293.714 	1773.17 
935	200   	1475.63 	330.252	343.928 	1759.74 
936	200   	1452.37 	316.307	361.246 	1753.34 
937	200   	1439.38 	311.594	260.283 	1795.85 
938	200   	1517.61 	260.511	246.589 	1766.12 
939	200   	1508.36 	283.613	426.821 	1781.16 
940	200   	1490.3  	315.102	328.446 	1776.1  
941	200   	1421.24 	345.993	294.065 	1772.36 
942	200   	1435.19 	361.072	271.368 	1769.78 
943	200   	1483.3  	307.487	259.807 	1778.29 
944	200   	1486.67 	298.653	289.404 	1807.49 
945	200   	1490.05 	288.439	225.063 	1760.42 
946	200   	1472.07 	318.814	216.046 	1795.05 
947	200   	1447.45 	363.016	-133.934	1766.61 
948	200   	1484.81 	318.187	-414.896	1756.3  
949	200   	1460.72 	321.72 	284.084 	1786.75 
950	200   	1471.53 	316.209	442.041 	1767.08 
951	200   	1491.92 	307.228	321.995 	1752.89 
952	200   	1494.66 	310.13 	-43.4033	1770.42 
953	200   	1463.58 	323.437	320.715 	1775.49 
954	200   	1505.75 	266.494	391.001 	1796.15 
955	200   	1480.65 	314.754	238.172 	1777.31 
956	200   	1492.22 	318.009	2.73552 	1797.25 
957	200   	1497.56 	294.59 	328.554 	1759.85 
958	200   	1473.67 	333.398	349.539 	1761.36 
959	200   	1500.37 	294.154	372.046 	1773.82 
960	200   	1515.83 	281.184	360.52  	1763.15 
961	200   	1450.29 	340.528	302.368 	1785.94 
962	200   	1469.14 	330.1  	207.838 	1753.24 
963	200   	1453.34 	335.861	356.803 	1805.82 
964	200   	1470.96 	324.933	327.104 	1749.1  
965	200   	1489.85 	293.407	317.289 	1762.82 
966	200   	1495.43 	300.022	248.32  	1760.93 
967	200   	1493.27 	298.244	278.22  	1770.63 
968	200   	1519.4  	265.58 	349.061 	1779.27 
969	200   	1475.26 	310.01 	258.736 	1760.95 
970	200   	1517.1  	266.835	383.036 	1767.77 
971	200   	1455.4  	295.489	311.366 	1765.73 
972	200   	1460.87 	298.525	341.462 	1785.84 
973	200   	1495.12 	306.729	325.299 	1771.94 
974	200   	1480.53 	322.305	320.26  	1771.34 
975	200   	1527.64 	278.001	395.225 	1778.68 
976	200   	1486.21 	298.782	352.97  	1749.18 
977	200   	1482.93 	333.634	244.798 	1802.48 
978	200   	1535.97 	241.719	418.076 	1786.26 
979	200   	1562.08 	223.422	390.981 	1768.41 
980	200   	1515.35 	280.492	414.336 	1745.67 
981	200   	1552.67 	233.317	341.631 	1775.93 
982	200   	1508.44 	288.84 	296.295 	1763.78 
983	200   	1498.2  	287.863	311.956 	1778.22 
984	200   	1490.15 	310.377	294.341 	1756.97 
985	200   	1488.57 	345.225	-918.01 	1761.37 
986	200   	1509.61 	276.05 	351.565 	1780.39 
987	200   	1503.24 	293.962	308.238 	1805.45 
988	200   	1512.46 	254.863	335.859 	1779.22 
989	200   	1520.04 	274.762	386.261 	1778.7  
990	200   	1547.33 	231.384	381.341 	1761.64 
991	200   	1509.68 	310.144	334.04  	1779.49 
992	200   	1509.37 	303.943	352.914 	1794.34 
993	200   	1514.61 	285.176	286.847 	1761.87 
994	200   	1521.58 	277.402	302.842 	1776.22 
995	200   	1490.14 	309.936	449.672 	1759.67 
996	200   	1490.29 	293.563	398.827 	1785.55 
997	200   	1508.94 	307.131	-185.196	1780.03 
998	200   	1493.16 	288.35 	514.297 	1771.15 
999	200   	1523.93 	263.612	581.471 	1757.58 
1000	200   	1502.15 	281.183	378.049 	1795.27 
1001	200   	1530.14 	265.208	453.794 	1760.05 
1002	200   	1475.71 	322.321	313.766 	1757.79 
1003	200   	1525.67 	244.793	483.605 	1766.17 
1004	200   	1441.95 	338.32 	349.562 	1764.45 
1005	200   	1496.48 	311.696	409.81  	1762.61 
1006	200   	1500.23 	302.851	418.177 	1763.58 
1007	200   	1496.66 	286.815	433.82  	1776.54 
1008	200   	1505.06 	274    	422.801 	1773.5  
1009	200   	1509.07 	288.05 	377.038 	1778.84 
1010	200   	1514.26 	273.411	407.997 	1749.01 
1011	200   	1499.05 	270.812	329.652 	1792.1  
1012	200   	1524.72 	255.656	305.727 	1776.93 
1013	200   	1477.32 	306.019	421.746 	1772.57 
1014	200   	1525    	261.975	568.461 	1762.61 
1015	200   	1496.57 	282.712	483.592 	1788.36 
1016	200   	1493.71 	273.802	352.184 	1776.35 
1017	200   	1510.81 	267.545	403.993 	1788.09 
1018	200   	1499.25 	257.041	506.889 	1762.95 
1019	200   	1514.91 	246.611	583.597 	1778.42 
1020	200   	1523.29 	257.367	413.744 	1780.3  
1021	200   	1518.93 	261.841	371.944 	1758.25 
1022	200   	1501.89 	273.625	542.149 	1770.62 
1023	200   	1507.52 	264.809	402.889 	1771.54 
1024	200   	1524.61 	246.023	258.735 	1780.18 
1025	200   	1536.43 	233.374	384.311 	1764.85 
1026	200   	1524.08 	247.912	524.737 	1780.98 
1027	200   	1545.1  	243.199	457.214 	1778.8  
1028	200   	1514.99 	262.876	319.89  	1785.59 
1029	200   	1500.97 	291.648	381.717 	1760.95 
1030	200   	1534.42 	250.411	442.956 	1772.61 
1031	200   	1520.38 	283.758	188.249 	1745.17 
1032	200   	1512.69 	280.496	505     	1798.2  
1033	200   	1471.17 	298.082	596.945 	1784.33 
1034	200   	1522.26 	253.728	560.595 	1738.42 
1035	200   	1502.84 	282.9  	461.398 	1777.84 
1036	200   	1490.5  	311.574	-1003.71	1759.78 
1037	200   	1540.86 	251.527	575.906 	1773.71 
1038	200   	1514.51 	280.599	357.765 	1769.54 
1039	200   	1557.22 	223.595	456.884 	1775.49 
1040	200   	1513.13 	295.704	421.714 	1774.34 
1041	200   	1519.78 	270.199	303.271 	1786.86 
1042	200   	1510.24 	284.825	406.012 	1809.77 
1043	200   	1512.35 	288.875	433.875 	1785.87 
1044	200   	1530.75 	234.042	419.356 	1762.83 
1045	200   	1541.43 	233.266	341.375 	1783.49 
1046	200   	1541.06 	247.087	-11.0099	1767.26 
1047	200   	1542.14 	235.284	450.333 	1772.12 
1048	200   	1513.56 	257.657	449.851 	1745.72 
1049	200   	1547.71 	225.283	534.231 	1772.18 
1050	200   	1525.27 	248.341	508.015 	1784.27 
1051	200   	1524.6  	267.017	369.958 	1781.31 
1052	200   	1561.53 	220.817	525.995 	1751.67 
1053	200   	1539.98 	238.365	334.663 	1789.24 
1054	200   	1519.1  	244.027	294.473 	1756.82 
1055	200   	1515.72 	273.039	146.639 	1787.35 
1056	200   	1526.04 	261.488	351.418 	1752.57 
1057	200   	1503.17 	272.567	341.937 	1770.68 
1058	200   	1537.55 	227.441	484.159 	1804.57 
1059	200   	1565.2  	207.816	384.154 	1793.94 
1060	200   	1558.2  	230.649	577.011 	1761.24 
1061	200   	1544.91 	242.366	355.404 	1777.88 
1062	200   	1575.93 	187.424	653.048 	1784.05 
1063	200   	1517.97 	276.416	216.829 	1814.57 
1064	200   	1556    	202.835	417.76  	1800.4  
1065	200   	1526.96 	254.611	493.254 	1765.14 
1066	200   	1522.28 	287.331	392.88  	1761.57 
1067	200   	1570.72 	222.238	338.103 	1805.64 
1068	200   	1553.65 	210.968	538.711 	1761.96 
1069	200   	1537.18 	251.855	453.933 	1785.03 
1070	200   	1555.39 	221.796	477.451 	1777.12 
1071	200   	1566.62 	222.691	524.636 	1804.35 
1072	200   	1543.79 	235.456	539.97  	1805.26 
1073	200   	1559.05 	220.25 	569.297 	1774.1  
1074	200   	1545.28 	238.114	385.277 	1763.85 
1075	200   	1544.99 	235.189	352.931 	1829.22 
1076	200   	1562.99 	234.357	437.688 	1764.96 
1077	200   	1557.29 	222.316	521.938 	1752.73 
1078	200   	1539.81 	237.811	587.404 	1781.16 
1079	200   	1573.14 	179.293	513.934 	1791.93 
1080	200   	1550.14 	233.781	490.457 	1791.42 
1081	200   	1563.82 	209.193	488.775 	1832.77 
1082	200   	1587.82 	169.824	565.501 	1802.04 
1083	200   	1567.24 	193.96 	469.772 	1791.65 
1084	200   	1572.79 	178.749	876.758 	1777.79 
1085	200   	1561.43 	210.185	757.249 	1761.59 
1086	200   	1556.57 	232.285	336.25  	1792.06 
1087	200   	1579.42 	192.093	511.573 	1792.87 
1088	200   	1609.55 	161.608	724.576 	1798.71 
1089	200   	1580.13 	209.994	340.962 	1806.94 
1090	200   	1581.07 	198.38 	564.89  	1775.5  
1091	200   	1570.39 	204.905	494.514 	1795.38 
1092	200   	1562.33 	212.843	438.868 	1760.14 
1093	200   	1530.64 	255.906	452.223 	1792.6  
1094	200   	1576.16 	214.864	455.126 	1802.08 
1095	200   	1565.53 	183.567	513.184 	1786    
1096	200   	1572.52 	169.981	768.029 	1772.59 
1097	200   	1564.05 	192.228	581.771 	1792.04 
1098	200   	1581.81 	184.894	367.255 	1770.1  
1099	200   	1559.7  	219.109	489.16  	1773.79 
1100	200   	1554.37 	231.049	512.79  	1780.46 
1101	200   	1594.27 	150.232	767.714 	1768.77 
1102	200   	1606.42 	168.063	535.41  	1798.08 
1103	200   	1587.58 	156.863	834.36  	1809.59 
1104	200   	1583.82 	185.447	463.711 	1783.25 
1105	200   	1553.8  	267.45 	360.516 	1776.21 
1106	200   	1585.54 	176.825	393.712 	1794.14 
1107	200   	1603.01 	165.948	611.041 	1821.02 
1108	200   	1594.72 	178.659	315.458 	1780.61 
1109	200   	1575.12 	196.872	413.246 	1766.59 
1110	200   	1588.71 	180.83 	660.741 	1833.18 
1111	200   	1562.51 	204.805	453.457 	1753.34 
1112	200   	1564.53 	172.579	335.711 	1769.76 
1113	200   	1577.98 	183.607	618.894 	1770.71 
1114	200   	1561.59 	226.01 	194.574 	1816.33 
1115	200   	1588.4  	147.18 	866.409 	1766.91 
1116	200   	1578.94 	204.571	303.437 	1773.96 
1117	200   	1579.36 	195.03 	233.189 	1776.34 
1118	200   	1583.43 	163.309	467.528 	1744.47 
1119	200   	1583.55 	174.392	648.766 	1778.96 
1120	200   	1598.45 	188.957	372.109 	1780.11 
1121	200   	1607.63 	144.244	644.122 	1770.73 
1122	200   	1581.79 	189.782	629.521 	1780.76 
1123	200   	1557.83 	180.592	598.814 	1747.69 
1124	200   	1570.89 	199.821	585.222 	1797.38 
1125	200   	1560.57 	212.751	-67.7769	1788.17 
1126	200   	1582.89 	194.528	563.557 	1787.41 
1127	200   	1568.9  	199.526	563.556 	1821.32 
1128	200   	1561.04 	213.078	663.701 	1792.06 
1129	200   	1579.09 	214.147	532.55  	1765.4  
1130	200   	1571.06 	201.028	621.003 	1797.4  
1131	200   	1551.45 	227.739	491.47  	1765.87 
1132	200   	1578.45 	199.125	423.705 	1768.32 
1133	200   	1585.11 	181.939	537.02  	1782.2  
1134	200   	1592.01 	181.357	483.885 	1769.03 
1135	200   	1588.03 	184.07 	713.983 	1763.61 
1136	200   	1572.35 	205.733	656.481 	1786.57 
1137	200   	1592.79 	174.74 	797.719 	1780.35 
1138	200   	1567.19 	205.927	614.84  	1764.57 
1139	200   	1556.89 	212.355	432.207 	1810.28 
1140	200   	1536.66 	248.135	351.661 	1789.76 
1141	200   	1590.8  	165.514	496.771 	1764.29 
1142	200   	1559.55 	207.233	423.186 	1777.05 
1143	200   	1564.94 	220.273	-26.8826	1778.96 
1144	200   	1570.01 	201.755	588.818 	1811.92 
1145	200   	1582.86 	172.087	286.816 	1774.66 
1146	200   	1569.71 	205.333	594.316 	1767.45 
1147	200   	1588.23 	191.912	179.381 	1790.81 
1148	200   	1574.52 	200.161	604.997 	1763.48 
1149	200   	1553.05 	245.422	96.5425 	1791.52 
1150	200   	1584.03 	193.023	466.117 	1777.89 
1151	200   	1558.54 	212.977	542.207 	1823.44 
1152	200   	1569.83 	229.499	413.1   	1800.51 
1153	200   	1568    	198.158	453.36  	1759.53 
1154	200   	1569.24 	212.874	483.741 	1796.95 
1155	200   	1540.82 	243.421	441.023 	1774.2  
1156	200   	1579.6  	200.042	558.065 	1779.91 
1157	200   	1541.63 	250.463	325.196 	1781.59 
1158	200   	1568.93 	192.389	644.426 	1777.95 
1159	200   	1593.05 	189.805	410.91  	1788.64 
1160	200   	1582.8  	211.535	411.349 	1777.17 
1161	200   	1539.38 	259.875	384.809 	1793.6  
1162	200   	1569.55 	219.95 	449.606 	1797.06 
1163	200   	1580.97 	205.642	559.311 	1808.73 
1164	200   	1555.9  	218.034	458.105 	1756.51 
1165	200   	1568.08 	220.081	565.798 	1811.02 
1166	200   	1552.04 	235.4  	514.146 	1798.93 
1167	200   	1548.28 	239.848	551.801 	1802.64 
1168	200   	1556.8  	247.038	348.681 	1774.25 
1169	200   	1578.19 	238.362	417.722 	1798.75 
1170	200   	1555.5  	242.691	558.984 	1788.26 
1171	200   	1569.6  	209.058	461.502 	1806.5  
1172	200   	1561.1  	243.178	500.223 	1797.92 
1173	200   	1562.12 	221.626	563.85  	1789.35 
1174	200   	1564.26 	217.875	446.407 	1770.73 
1175	200   	1551.76 	222.638	595.394 	1769.41 
1176	200   	1568.78 	195.491	650.766 	1788.73 
1177	200   	1566.55 	223.327	357.048 	1792.12 
1178	200   	1580.01 	191.688	459.879 	1804.44 
1179	200   	1564.98 	240.348	417.322 	1766.66 
1180	200   	1540.08 	268.579	230.308 	1760.14 
1181	200   	1545.48 	277.513	-362.32 	1781.2  
1182	200   	1585.97 	181.925	568.621 	1763.83 
1183	200   	1545.85 	226.237	327.109 	1791.85 
1184	200   	1553.3  	233.362	499.173 	1780.61 
1185	200   	1544.57 	262.76 	352.146 	1754.65 
1186	200   	1549.9  	242.869	383.283 	1762.02 
1187	200   	1526.78 	273.796	-91.9658	1760.88 
1188	200   	1525.69 	248.437	485.267 	1780.82 
1189	200   	1563.77 	216.702	458.015 	1782.93 
1190	200   	1545.26 	246.204	426.14  	1798.1  
1191	200   	1539.56 	257.46 	313.629 	1758.95 
1192	200   	1562.62 	244.918	510.474 	1786.97 
1193	200   	1555.72 	249.751	392.514 	1810.11 
1194	200   	1556.78 	259.594	373.258 	1784.62 
1195	200   	1566.5  	218.235	444.475 	1796.24 
1196	200   	1553.26 	227.465	442.115 	1786.3  
1197	200   	1557.12 	252.407	333.83  	1770.42 
1198	200   	1589.97 	203.866	364.754 	1783.93 
1199	200   	1556.05 	227.667	492.087 	1787.14 
1200	200   	1571.98 	205.168	516.852 	1807.58 
1201	200   	1528.96 	274.677	-445.107	1777.53 
1202	200   	1539.74 	262.634	-160.506	1769.15 
1203	200   	1578.36 	204.781	330.115 	1794.49 
1204	200   	1580.63 	183.583	559.884 	1783.74 
1205	200   	1563.12 	220.688	616.941 	1786.08 
1206	200   	1576.33 	222.593	441.832 	1791.21 
1207	200   	1582.56 	190.227	627.2   	1776.85 
1208	200   	1561.16 	233.241	466.914 	1794.8  
1209	200   	1567.17 	217.212	426.291 	1805.11 
1210	200   	1588.78 	173.93 	729.477 	1777.02 
1211	200   	1574.98 	199.463	671.961 	1769.42 
1212	200   	1557.32 	212.073	475.616 	1773.96 
1213	200   	1572.12 	223.153	485.968 	1779.49 
1214	200   	1584.77 	191.401	623.098 	1808.05 
1215	200   	1596.46 	180.133	309.86  	1797.5  
1216	200   	1568.36 	223.693	446.574 	1802.43 
1217	200   	1592.47 	172.731	663.416 	1788.21 
1218	200   	1585.43 	200.461	346.487 	1783.54 
1219	200   	1596.15 	161.222	486.331 	1792.02 
1220	200   	1587.66 	196.604	455.992 	1815.21 
1221	200   	1571.16 	209.932	580.553 	1771.29 
1222	200   	1590.52 	189.882	433.86  	1786.45 
1223	200   	1589.68 	201.715	607.68  	1817.76 
1224	200   	1555    	244.585	510.515 	1787.69 
1225	200   	1574.97 	216.908	424.802 	1827.06 
1226	200   	1577.79 	220.077	571.8   	1799.42 
1227	200   	1557.09 	230.556	397.713 	1771.09 
1228	200   	1587.14 	177.808	742.601 	1805.67 
1229	200   	1569.61 	208.928	465.958 	1777.52 
1230	200   	1590.37 	168.995	549.931 	1797.72 
1231	200   	1574.31 	222.082	-32.2141	1811.81 
1232	200   	1598.76 	186.032	452.573 	1789.53 
1233	200   	1586.88 	213.657	294.188 	1804.89 
1234	200   	1585.28 	205.173	470.538 	1798.8  
1235	200   	1575.73 	191.05 	525.62  	1798.34 
1236	200   	1580.72 	199.705	600.61  	1801.56 
1237	200   	1556.19 	252.211	299.463 	1801.45 
1238	200   	1579.52 	224.714	335.663 	1808.32 
1239	200   	1579.2  	216.32 	458.345 	1801.15 
1240	200   	1597.95 	177.28 	283.218 	1804.52 
1241	200   	1592.1  	188.429	640.96  	1788.82 
1242	200   	1590.9  	188.668	488.372 	1804.83 
1243	200   	1607.35 	173.08 	296.273 	1782.8  
1244	200   	1597.35 	171.969	601.331 	1773.21 
1245	200   	1630.7  	120.964	802.882 	1780.15 
1246	200   	1577.89 	212.586	-21.1836	1813.68 
1247	200   	1572.09 	233.664	200.995 	1787.21 
1248	200   	1596.04 	185.83 	535.109 	1823.23 
1249	200   	1586.96 	204.829	404.232 	1789.62 
1250	200   	1596.67 	185.103	639.849 	1807.36 
1251	200   	1572.69 	221.864	506.991 	1791.47 
1252	200   	1597.15 	186.566	638.73  	1797.65 
1253	200   	1592.65 	150.15 	854.138 	1776.19 
1254	200   	1598.04 	176.709	626.936 	1769.24 
1255	200   	1603.72 	151.456	773.57  	1806.67 
1256	200   	1615.1  	135.359	878.574 	1789.42 
1257	200   	1593.74 	178.88 	509.858 	1790.66 
1258	200   	1612.15 	165.728	674.489 	1792.01 
1259	200   	1625.31 	129.208	916.561 	1814.58 
1260	200   	1586.5  	176.579	470.09  	1800.37 
1261	200   	1596.72 	165.351	679.316 	1802.27 
1262	200   	1588.97 	188.644	812.094 	1801.98 
1263	200   	1601.79 	151.857	872.726 	1771.02 
1264	200   	1588.01 	188.482	396.309 	1787.07 
1265	200   	1614.77 	142.441	841.589 	1796    
1266	200   	1577.02 	205.351	345.528 	1779.89 
1267	200   	1602.98 	147.824	704.647 	1805.81 
1268	200   	1594.02 	190.894	418.316 	1789.33 
1269	200   	1583.06 	177.043	282.435 	1793.93 
1270	200   	1610.47 	179.969	587.349 	1783.27 
1271	200   	1601.01 	177.654	604.324 	1793.07 
1272	200   	1608.11 	141.282	1025.33 	1778.93 
1273	200   	1590.96 	177.575	544.71  	1777.85 
1274	200   	1588.13 	182.971	681.665 	1802.69 
1275	200   	1604.32 	195.924	325.964 	1823.04 
1276	200   	1590.75 	169.591	681.857 	1793.25 
1277	200   	1598.97 	167.76 	730.692 	1773.56 
1278	200   	1610.42 	156.124	475.89  	1783.27 
1279	200   	1591.95 	196.548	559.473 	1795.23 
1280	200   	1618.4  	114.356	952.843 	1775.21 
1281	200   	1604.56 	157.297	845.743 	1792.06 
1282	200   	1589.39 	198.034	464.937 	1810.08 
1283	200   	1605.88 	170.038	704.957 	1802.62 
1284	200   	1596.13 	187.759	604.823 	1788.56 
1285	200   	1589.03 	210.17 	479.569 	1797.37 
1286	200   	1622.63 	134.305	827.791 	1837.47 
1287	200   	1596.43 	173.02 	867.637 	1795.09 
1288	200   	1606.27 	142.259	949.446 	1812.61 
1289	200   	1598.02 	182.162	791.726 	1801.21 
1290	200   	1569.8  	215.13 	557.682 	1784.7  
1291	200   	1598.78 	178.063	635.369 	1774.62 
1292	200   	1601.04 	160.091	540.51  	1764.58 
1293	200   	1598.5  	176.495	650.7   	1823.95 
1294	200   	1583.57 	177.53 	552.934 	1821.23 
1295	200   	1574.33 	238.583	302.103 	1805.11 
1296	200   	1571.61 	213.712	383.25  	1829.24 
1297	200   	1596.71 	180.564	571.384 	1775.71 
1298	200   	1596.24 	171.888	877.056 	1825.85 
1299	200   	1587.41 	206.972	669.021 	1793.79 
1300	200   	1607.03 	184.938	425.546 	1794.7  
1301	200   	1577.02 	206.984	679.276 	1788.15 
1302	200   	1607.39 	164.299	758.268 	1820.14 
1303	200   	1610.66 	129.139	752.823 	1802.44 
1304	200   	1585.17 	168.701	617.894 	1780.51 
1305	200   	1591.93 	196.57 	551.207 	1800.42 
1306	200   	1596.21 	185.549	437.003 	1783.24 
1307	200   	1607.52 	147.644	574.568 	1803.47 
1308	200   	1609.31 	167.369	511.142 	1802.99 
1309	200   	1598.67 	178.045	626.16  	1802.61 
1310	200   	1601.49 	164.181	775.206 	1802.67 
1311	200   	1591.65 	174.135	587.545 	1771.58 
1312	200   	1591.34 	168.998	697.766 	1780.83 
1313	200   	1595.44 	162.985	708.232 	1796.43 
1314	200   	1612.63 	142.665	723.212 	1778.89 
1315	200   	1604.73 	164.093	792.983 	1781.85 
1316	200   	1609.28 	158.427	579.308 	1791.3  
1317	200   	1599.71 	187.882	243.451 	1809.23 
1318	200   	1614.89 	146.028	531.436 	1801.79 
1319	200   	1577.26 	227.548	475.894 	1809.03 
1320	200   	1617.78 	165.973	563.248 	1781.35 
1321	200   	1613.54 	133.873	881.318 	1803.4  
1322	200   	1591.16 	203.998	451.054 	1823.03 
1323	200   	1602.18 	167.085	761.471 	1798.9  
1324	200   	1596.22 	162.821	517.586 	1792.33 
1325	200   	1615.5  	142.729	986.717 	1799.08 
1326	200   	1618.12 	153.777	787.267 	1805.83 
1327	200   	1612.63 	185.935	230.456 	1821.5  
1328	200   	1597.38 	188.717	531.949 	1800.63 
1329	200   	1601.48 	189.408	507.649 	1801.23 
1330	200   	1599.9  	208.288	-410.676	1806.46 
1331	200   	1628.74 	136.302	750.474 	1791.74 
1332	200   	1606.59 	168.633	604.244 	1804.96 
1333	200   	1624.37 	158.463	507.183 	1808.68 
1334	200   	1608.28 	166.609	693.762 	1789.32 
1335	200   	1593.6  	185.959	606.578 	1837.44 
1336	200   	1623.02 	140.637	814.422 	1835.3  
1337	200   	1604.76 	172.441	712.688 	1814.93 
1338	200   	1611.87 	141.791	984.454 	1797.33 
1339	200   	1611.99 	155.483	660.347 	1789.37 
1340	200   	1614.83 	144.492	692.637 	1810.94 
1341	200   	1610.87 	156.335	685.155 	1831.08 
1342	200   	1590.48 	191.767	313.474 	1788    
1343	200   	1609.74 	156.402	752.867 	1820.52 
1344	200   	1610.63 	157.054	765.041 	1803.88 
1345	200   	1633.08 	120.661	1017.41 	1817    
1346	200   	1597.51 	179.118	644.172 	1803.97 
1347	200   	1615.96 	151.758	852.506 	1816.32 
1348	200   	1612.4  	185.056	616.763 	1821.49 
1349	200   	1587.65 	199.281	566.164 	1779.74 
1350	200   	1590.65 	195.962	550.567 	1827.9  
1351	200   	1594.55 	225.874	86.0311 	1809.38 
1352	200   	1596.83 	159.197	364.026 	1792.56 
1353	200   	1611.85 	159.277	677.639 	1805.11 
1354	200   	1617.78 	140.188	941.497 	1798.71 
1355	200   	1611.3  	140.713	725.801 	1775.02 
1356	200   	1596.71 	163.159	557.881 	1815.31 
1357	200   	1584.76 	203.874	379.033 	1802.19 
1358	200   	1580.77 	232.497	119.943 	1799.87 
1359	200   	1585.43 	190.395	660.109 	1793.92 
1360	200   	1567    	270.638	42.3759 	1826.49 
1361	200   	1581.22 	196.707	383.227 	1799.81 
1362	200   	1605.44 	197.376	285.76  	1836.11 
1363	200   	1582.24 	217.665	-34.3309	1832.58 
1364	200   	1597.36 	187.113	414.701 	1794.95 
1365	200   	1561.11 	224.355	611.238 	1839.49 
1366	200   	1600    	189.804	465.702 	1817.49 
1367	200   	1597.13 	181.369	686.167 	1802.37 
1368	200   	1567.33 	206.09 	567.637 	1794.24 
1369	200   	1609.9  	179.252	594.259 	1803.47 
1370	200   	1588.85 	221.316	-104.551	1807.68 
1371	200   	1599.17 	178.088	575.663 	1797.33 
1372	200   	1589.46 	174.067	716.387 	1846.46 
1373	200   	1584.13 	217.487	23.9592 	1808.42 
1374	200   	1557.45 	205.831	686.009 	1813.39 
1375	200   	1576.18 	226.24 	401.768 	1830.81 
1376	200   	1555.74 	258.382	-269.012	1825.08 
1377	200   	1619.65 	135.172	1126.3  	1824.47 
1378	200   	1585.94 	173.291	603.428 	1799.39 
1379	200   	1588.38 	183.844	590.766 	1773.47 
1380	200   	1563.95 	256.201	-64.4417	1829.04 
1381	200   	1554.25 	227.461	233.464 	1785.93 
1382	200   	1595.01 	161.563	543.77  	1804.45 
1383	200   	1610.11 	160.902	550.909 	1821.6  
1384	200   	1572.76 	200.52 	559.752 	1809.32 
1385	200   	1577.48 	203.111	318.216 	1802.35 
1386	200   	1605.75 	194.185	410.62  	1800.3  
1387	200   	1587.26 	206.149	598.429 	1784.05 
1388	200   	1586.29 	242.807	-272.395	1814.78 
1389	200   	1603.69 	151.642	653.677 	1812.67 
1390	200   	1572.17 	220.453	404.129 	1781.99 
1391	200   	1565.68 	232.307	230.455 	1795.38 
1392	200   	1548.14 	249.908	280.262 	1841.96 
1393	200   	1545.32 	285.08 	193.056 	1793.16 
1394	200   	1589.16 	212.796	480.847 	1802.43 
1395	200   	1584.68 	199.395	469.917 	1831.89 
1396	200   	1565.14 	225.682	402.876 	1806.42 
1397	200   	1587.48 	185.872	491.128 	1813.12 
1398	200   	1578.48 	210.903	497.755 	1823.71 
1399	200   	1586.67 	206.344	604.817 	1810.71 
1400	200   	1600.67 	172.544	638.493 	1807.31 
1401	200   	1590.69 	171.178	749.041 	1804.45 
1402	200   	1530.6  	264.329	232.431 	1785.81 
1403	200   	1567.87 	225.458	128.208 	1788.87 
1404	200   	1576.22 	251.23 	-101.836	1858.78 
1405	200   	1546.59 	267.325	206.643 	1796.02 
1406	200   	1574.41 	230.015	311.248 	1801.61 
1407	200   	1570.56 	216.072	342.077 	1807.93 
1408	200   	1602.04 	150.699	938.66  	1798.5  
1409	200   	1598.01 	183.965	659.791 	1830.31 
1410	200   	1576.69 	222.832	333.578 	1822.59 
1411	200   	1537.95 	268.359	125.673 	1806.93 
1412	200   	1562.17 	257.745	-64.9982	1837.62 
1413	200   	1511.17 	291.687	97.2457 	1813.19 
1414	200   	1553.83 	238.551	330.346 	1836.22 
1415	200   	1571.96 	185.235	437.71  	1795.93 
1416	200   	1564.12 	220.518	620.904 	1797.92 
1417	200   	1575.15 	229.651	418.453 	1799.11 
1418	200   	1568.42 	218.884	548.487 	1793.47 
1419	200   	1542.96 	285.029	21.3981 	1823.53 
1420	200   	1539.67 	266.573	-250.025	1816.87 
1421	200   	1581.19 	213.575	124.208 	1798.56 
1422	200   	1559.15 	216.541	594.994 	1827.63 
1423	200   	1588.24 	178.772	827.335 	1782.62 
1424	200   	1551.55 	296.521	-635.621	1811.56 
1425	200   	1516.63 	304.74 	-109.736	1795.77 
1426	200   	1539.84 	274.744	-295.263	1805.99 
1427	200   	1547.31 	229.87 	440.34  	1804.79 
1428	200   	1556.68 	226.299	546.095 	1813.65 
1429	200   	1574.02 	205.422	473.96  	1811.89 
1430	200   	1512.86 	340.925	-536.083	1785.81 
1431	200   	1518.59 	275.231	163.622 	1863.61 
1432	200   	1566.83 	215.366	355.966 	1813.1  
1433	200   	1562.41 	224.083	496.457 	1834.61 
1434	200   	1532.21 	298.869	176.041 	1806.75 
1435	200   	1520.63 	281.838	48.1095 	1791.25 
1436	200   	1548.93 	220.48 	624.258 	1811.53 
1437	200   	1578.96 	219.259	419.241 	1816.79 
1438	200   	1602.39 	189.535	360.235 	1823.67 
1439	200   	1578.33 	200.33 	482.927 	1806.35 
1440	200   	1582.51 	238.267	52.0531 	1812.48 
1441	200   	1595.47 	172.23 	700.299 	1805.67 
1442	200   	1580.96 	199.658	414.703 	1805.17 
1443	200   	1591.36 	188.426	550.871 	1820.72 
1444	200   	1595.67 	174.747	375.565 	1812.22 
1445	200   	1588.12 	190.842	455.738 	1795.66 
1446	200   	1584.83 	211.446	466.113 	1788.12 
1447	200   	1619.18 	133.793	792.796 	1794.84 
1448	200   	1578.61 	200.821	559.42  	1801.42 
1449	200   	1595.96 	232.157	-223.334	1809.15 
1450	200   	1589.76 	204.415	350.365 	1818.24 
1451	200   	1594.53 	194.998	165.844 	1804.1  
1452	200   	1604.39 	155.461	654.344 	1794.81 
1453	200   	1577.18 	213.182	333.134 	1780.27 
1454	200   	1617.29 	137.016	689.855 	1785.9  
1455	200   	1584.76 	239.177	-103.055	1792.86 
1456	200   	1597.5  	191.481	472.682 	1827.41 
1457	200   	1585.24 	204.75 	309.193 	1765.5  
1458	200   	1612.27 	153.574	693.806 	1825.04 
1459	200   	1599.4  	203.251	341.633 	1800.91 
1460	200   	1588.84 	200.97 	7.75726 	1806.72 
1461	200   	1624.56 	136.326	788.857 	1795.46 
1462	200   	1607.63 	179.684	748.47  	1857.78 
1463	200   	1595.37 	179.486	729.977 	1816.73 
1464	200   	1588.15 	206.797	454.25  	1805.89 
1465	200   	1583.35 	215.797	397.268 	1822.22 
1466	200   	1603.73 	188.967	356.336 	1787.04 
1467	200   	1616.52 	166.328	672.094 	1844.2  
1468	200   	1556.87 	261.123	67.6134 	1789.44 
1469	200   	1597.94 	181.37 	482.201 	1813.49 
1470	200   	1623.28 	199.993	-189.373	1811.89 

