481     200     1748.33         1150.04 -3.86591        3217.98
482     200     1766.64         1148.93 -18.693         3272.78
483     200     1833.69         1081.15 -17.6111        3232.49
484     200     1735.88         1206.23 -8.27793        3322.15
485     200     1749.13         1157.63 -4.25771        3218.4 
486     200     1864.76         1141.45 11.8885         3233.18
487     200     1916.79         1154.59 -1.62473        3378.07
488     200     1813.87         1150.57 -4.04578        3223.54
489     200     1927.84         1143.16 16.7894         3310.98
490     200     1916.06         1125.69 -33.9571        3302.85
491     200     1915.35         1097.78 44.3858         3298.76
492     200     1972.15         1126.3  -72.8205        3349.97
493     200     1929.72         1130.07 9.67594         3438.94
494     200     1881.71         1158.53 -9.78286        3384.84
495     200     1863.32         1157.26 6.6566          3379.61
496     200     1905.02         1102.28 -0.209612       3274.06
497     200     2112.02         1019.97 8.48311         3339.54
498     200     2017.49         1052.52 48.1977         3314.45
499     200     1865.88         1132.44 -8.51863        3311.05
500     200     1914.28         1157.31 13.0467         3342.94
501     200     1969.61         1079.4  42.5025         3322.71
502     200     1682.16         1175.82 6.11999         3353.02
503     200     1840.53         1109.8  5.42012         3266.88
504     200     1994.82         1083.37 11.3883         3324.32
505     200     2041.73         1068.6  -9.71574        3307.74
506     200     2018.28         1033.79 54.1392         3317.7 
507     200     1804.9          1151.16 19.6218         3333.18
508     200     2135.51         1066.56 45.179          3315.8 
509     200     1937.34         1139.76 7.60213         3400.26
510     200     2049.01         1079.68 2.97347         3346.49
511     200     2178.34         974.307 -56.364         3459.16
512     200     1945.8          1121.95 37.2061         3391.14
513     200     2137.38         1022.61 32.2124         3347.98
514     200     2195.72         1033.01 -11.5498        3249.37
515     200     1989.83         1124.62 -3.28838        3533.93
516     200     1983.46         1106.7  2.73076         3317.81
517     200     1890.9          1130.84 -25.282         3397.7 
518     200     2011.34         1004.15 5.45556         3302.73
519     200     2072.68         1072.28 22.9991         3303.35
520     200     2067.92         1077.82 52.6391         3291.33
521     200     1868.06         1161.26 5.99896         3331.99
522     200     1818.62         1118.19 5.89971         3243.45
523     200     2007.58         1118.25 10.437          3423.88
524     200     1744.72         1194.56 7.64353         3397.82
525     200     1986.7          1126.87 -2.74381        3502.12
526     200     2093.34         1129.22 18.6441         3365.53
527     200     1961.2          1174.52 -0.95345        3391.65
528     200     1865.35         1160.61 -10.3004        3319.72
529     200     1856.09         1194.17 -21.0575        3232.74
530     200     1942.23         1164.98 18.2355         3299   
531     200     2018.5          1104.63 -8.50118        3356.29
532     200     1922.32         1139.34 -18.997         3290.46
533     200     1994.18         1126.8  -1.97381        3408.99
534     200     2052.62         1145.99 -0.877518       3335.38
535     200     1907.77         1181.87 -30.5491        3373.57
536     200     1700.94         1155.57 -4.11711        3487.82
537     200     1886.01         1164.03 -26.6451        3462.91
538     200     2010.92         1104.43 -7.68437        3338.48
539     200     2056.5          1121.98 3.69283         3507.73
540     200     1963.44         1097.59 -7.81325        3287.01
541     200     1934.45         1112.54 -7.55127        3280.19
542     200     1948.52         1113.27 8.37405         3299.5 
543     200     2083.3          1048.13 -3.49074        3279.62
544     200     2034.36         1021.37 12.7887         3406.84
545     200     2126.03         1047.47 28.0094         3359.34
546     200     2031.85         1129.97 5.15251         3480.84
547     200     2234.86         994.985 -30.0248        3476.17
548     200     1918.74         1163.01 -21.7344        3351.84
549     200     2175.29         1037.73 3.7626          3501.04
550     200     2009.79         1137.96 4.83742         3451.45
551     200     2154.79         1070.59 29.5898         3504.52
552     200     2179.41         1030.2  -16.6079        3428.95
553     200     2171.46         1040.74 39.5417         3479.72
554     200     2133.92         1084.97 -2.52658        3461.44
555     200     1939.59         1085.36 43.956          3341.95
556     200     2162.92         1016.67 24.5582         3399.97
557     200     1994.75         1156.7  31.1541         3363.53
558     200     1984.57         1110.28 27.4983         3429.09
559     200     2205.3          1091.12 2.33235         3423.03
560     200     2070.11         1157.54 29.2847         3532.73
561     200     2137.24         1094.48 78.8536         3417.87
562     200     2065.85         1071.59 50.3088         3383.18
563     200     2196.72         1049.71 40.0662         3415.9 
564     200     2104.8          1027.43 40.3474         3593.78
565     200     2055.45         1117.81 -5.76289        3546.66
566     200     2114.13         1087.57 64.8135         3349.68
567     200     2143.55         1071.56 42.1337         3429.79
568     200     2101.72         1074.91 66.4133         3431.9 
569     200     2072.84         1051.6  35.4021         3423.82
570     200     2067.29         1076.62 69.4824         3489.26
571     200     2281.75         945.5   -5.06885        3296.18
572     200     2128.85         1050.31 75.7109         3355.93
573     200     2188.38         1021.49 83.6994         3413.25
574     200     2343.34         931.366 81.6804         3386.6 
575     200     2236.42         956.183 10.7767         3390.46
576     200     2170.61         1050.67 27.1974         3377.18
577     200     2149.41         972.674 28.1366         3344.53
578     200     2077.86         1023.51 64.7396         3427.33
579     200     2147.41         1078.27 79.3813         3323.24
580     200     2277.08         1043.48 37.5954         3564.31
581     200     2197.48         979.45  54.3734         3344.68
582     200     2084.4          1116.86 24.306          3429.88
583     200     2128.37         1082.98 -44.2959        3359.99
584     200     2210.82         1045.04 -72.0111        3444.52
585     200     2351.68         919.573 76.2373         3431.09
586     200     2065.55         1142.87 -11.3093        3440.89
587     200     2220.78         1021.33 72.5806         3445.54
588     200     2227.13         1034.38 77.6801         3550.06
589     200     2310.25         1000.07 36.0263         3426.05
590     200     2122.69         1058.74 11.8617         3412.16
591     200     2265.77         1030.69 40.4323         3422.11
592     200     2277.09         1012.9  49.4335         3449.79
593     200     2265.67         1017.01 54.4277         3543.78
594     200     2159.4          1070    25.778          3406.05
595     200     2159.74         1026.73 -50.1611        3415.95
596     200     2257.1          1046.27 -9.36562        3475.64
597     200     2125.39         1082.95 18.7265         3420.61
598     200     2261.57         1022.29 -12.2478        3378.24
599     200     2284.79         981.613 28.1943         3414.92
600     200     2273.27         1049.03 6.36562         3455.54
601     200     2357.84         943.012 18.2149         3518   
602     200     2351.17         992.394 -8.73601        3467.46
603     200     2246.28         1098.53 0.920344        3476.46
604     200     2203.68         1084.23 1.25149         3543.71
605     200     2145.76         1085.85 54.8494         3488.73
606     200     2045.52         1161.2  -3.11748        3433.08
607     200     2205.63         1097.77 -11.8902        3499.45
608     200     2290.84         1049.11 -17.8566        3465.73
609     200     2329.58         968.26  -11.8476        3495.9 
610     200     2158.24         1061.56 -6.68473        3476.19
611     200     2127.1          1117.97 -12.3855        3486.67
612     200     2288.21         1096.97 8.32564         3525.2 
613     200     2339.07         996.843 -25.0841        3470.62
614     200     2220.36         999.008 19.0645         3471.63
615     200     2163.53         1097.52 -22.7871        3449.68
616     200     2164.09         1030.89 -2.4968         3467.8 
617     200     2115.33         1084.18 -86.8825        3490.14
618     200     2187.23         1080.49 30.2592         3630.88
619     200     2275.67         1072.05 51.4132         3623.96
620     200     2311.41         1074.69 7.3351          3517.85
621     200     2244.82         1091.33 11.7853         3476.83
622     200     1980.49         1170.73 -1.37187        3631.36
623     200     2193.79         1094.75 -11.7437        3574.03
624     200     2136.54         1109.13 -10.7127        3566.78
625     200     2236.1          1122.39 -26.1878        3473.29
626     200     2154.6          1121.8  64.9057         3586.56
627     200     2249.96         1039.35 -4.28361        3476.29
628     200     2245.37         1076.12 27.9786         3431.3 
629     200     2424.77         996.07  -12.6649        3504.17
630     200     2211.61         1100.61 0.384855        3489.21
631     200     2358.16         1052.99 -11.5041        3539.05
632     200     2193.87         1162.81 -5.28386        3498.56
633     200     2176.94         1143.59 -1.56538        3545.24
634     200     2372.75         1069.05 -37.3817        3561.08
635     200     2332.33         1053.65 -11.2896        3547.99
636     200     2291.23         1129.71 -2.5203         3552.26
637     200     2117.99         1193.49 20.364          3534.48
638     200     2216.17         1145.21 -12.2648        3756.24
639     200     2017.36         1223.87 -28.5192        3521.36
640     200     2114.46         1172.58 27.461          3711.47
641     200     2226.56         1156.84 -12.6954        3714.66
642     200     2080.1          1126.84 -20.2435        3563.15
643     200     2177.77         1183.08 -18.5737        3529.9 
644     200     2164.84         1230.94 -13.8343        3639.67
645     200     2134.92         1183.86 -11.2151        3531.05
646     200     2102.61         1231.69 -10.2138        3590.98
647     200     2114.87         1141.96 -64.7951        3657.42
648     200     2301.82         1082.57 -13.3203        3610.34
649     200     2306.43         1091.29 66.7314         3559.52
650     200     2210.9          1112.38 2.35989         3727.6 
651     200     2228.62         1127.39 -9.2635         3530.12
652     200     2138.43         1163.23 31.8364         3542.08
653     200     2134.43         1112.18 -4.11984        3592.46
654     200     2238.98         1055.79 32.0416         3614.73
655     200     2233.79         1132.29 74.7131         3567.54
656     200     2300.27         1134.43 -3.30428        3488.77
657     200     2223.97         1126.9  -0.776609       3674.47
658     200     2309.23         1095.38 -8.88334        3593.16
659     200     2147.84         1111.37 -10.8452        3597.25
660     200     2112.3          1184.29 -15.1568        3686.85
661     200     2315.25         1112.57 -14.3802        3781.44
662     200     2174.99         1118.23 6.53682         3664.97
663     200     2217.29         1097.23 28.4413         3737.06
664     200     2115.11         1185.84 15.5488         3586.35
665     200     2164.59         1191.42 33.6237         3603.23
666     200     2387.42         1033.91 49.4614         3833.49
667     200     2078.11         1181.88 -3.80756        3725.23
668     200     2264.46         1123.63 9.95026         3652.27
669     200     2114.63         1190.02 -15.9077        3592.97
670     200     2398.3          1183.34 73.4528         3719   
671     200     2085.64         1271.93 79.4797         3739.46
672     200     2097.9          1264.18 17.4611         3744.65
673     200     2104.23         1235.99 77.947          3786   
674     200     2052.06         1231.5  2.7472          3632.23
675     200     2143.5          1163.94 36.5195         3676.34
676     200     2073.36         1267.13 51.6888         3759.56
677     200     2016.36         1218.24 31.493          3768.84
678     200     1888.69         1244.62 68.8776         3810.39
679     200     1983.15         1243.48 48.584          3743.15
680     200     2003.43         1238.13 -3.10959        3691.62
681     200     2026.24         1270.34 13.6044         3767.13
682     200     2087.18         1242.09 -8.23349        3789.73
683     200     1893.67         1295.7  2.96768         3794.45
684     200     2060.43         1258.16 21.4132         3675.06
685     200     1886.07         1230.53 -11.151         3813.71
686     200     1926.71         1234.02 -10.3847        3809.74
687     200     1879.74         1194.4  -2.75439        3726.93
688     200     2089.29         1252.95 14.766          3751.29
689     200     2240.95         1183.08 37.0964         3599.28
690     200     2222.56         1148.53 35.1641         3675.83
691     200     2125.88         1198.62 2.11841         3711.14
692     200     2192            1180.76 71.2137         3784.16
693     200     2095.79         1196.19 82.1168         3684.21
694     200     2276.45         1186.98 -3.97252        3665.75
695     200     2374.59         1152.03 59.7833         3706.79
696     200     2273.89         1201.95 89.1333         3799.69
697     200     2203.55         1223.51 21.2059         3612.97
698     200     2176.46         1252.12 -25.5507        3848.72
699     200     2225.9          1232.94 -6.68851        3664.26
700     200     2143.06         1212.25 25.0193         3801.51
701     200     2135.83         1166.81 83.2656         3937.78
702     200     2130.66         1198.57 25.0382         3838.75
703     200     2201.18         1174.13 54.1582         3886.78
704     200     2172.5          1268.35 41.4249         3782.85
705     200     1900.02         1244.54 57.6835         3823.91
706     200     2062.1          1264.05 27.5317         3829.59
707     200     1942.79         1219.41 42.06           3759.26
708     200     2076.65         1273.42 -9.03855        3808.26
709     200     2007.63         1214.09 86.1786         3878.82
710     200     2024.78         1226.37 -3.02202        3744.83
711     200     1966.95         1331.23 20.4936         3622.52
712     200     2075.74         1308.3  5.57625         3840.88
713     200     1999.78         1278.76 61.5432         3875.79
714     200     2042.53         1336.97 29.8854         4116.23
715     200     2025.27         1270.25 -7.62112        3854.13
716     200     2021.63         1321.84 7.10468         3715.06
717     200     2079.06         1230.48 7.33135         3881.82
718     200     2050.56         1289.78 -12.6031        3687.27
719     200     2091.46         1234.22 82.9876         3924.01
720     200     2213.41         1157.4  43.3018         3977.31
721     200     2060.78         1280.59 33.2193         3733.76
722     200     2026.55         1307.99 24.495          3766.34
723     200     2191.37         1262.93 34.4325         3911.54
724     200     2059.78         1256.46 61.7344         3687.1 
725     200     1955.42         1272.24 41.5378         3753.55
726     200     2031.16         1262.33 84.6014         3806.25
727     200     2021.23         1248.57 2.56438         3921.41
728     200     2213.32         1220.09 40.2422         3754.83
729     200     2327.08         1181.28 59.4112         3780.3 
730     200     1955            1308.46 -6.69364        3726.99
731     200     2213.27         1278.15 9.47874         3832.3 
732     200     2248.46         1234.89 103.235         3848.72
733     200     2066.36         1332.67 42.0299         3755.02
734     200     2100.75         1346.01 -4.03686        3850.1 
735     200     2149.97         1305.92 38.395          3820.2 
736     200     1963.74         1321.76 -0.130203       3877.4 
737     200     2026            1347.72 16.9233         4000.9 
738     200     2149.36         1290.9  5.53088         3860.06
739     200     1981.03         1357.89 -15.4748        3972.62
740     200     1999.87         1309.44 -4.07851        3935.73
741     200     2055.01         1330.67 40.0641         3950.81
742     200     2151.04         1269.31 69.3105         3969.8 
743     200     1972.31         1332.79 33.5002         3924.84
744     200     2111.79         1326.82 10.7393         3812.88
745     200     2117.56         1304.14 -7.59726        3879.98
746     200     2103.23         1276.7  68.3404         3804.19
747     200     2196.81         1291.1  35.6626         3836.88
748     200     2091.92         1282.87 1.36443         3717.45
749     200     2166.39         1212.2  54.216          3797.31
750     200     2289.41         1191.8  70.7683         3735.94
751     200     2293.63         1229.1  -55.3234        3850.07
752     200     2253.16         1245.97 84.2744         3749.04
753     200     2193.15         1246.54 11.5612         3828.38
754     200     2281.19         1185.38 72.2905         3724.8 
755     200     2136.72         1298.37 -2.02348        3758.05
756     200     2195.63         1226.16 27.6456         3983.81
757     200     2302.32         1247.94 66.7458         3832.37
758     200     2123.36         1319.57 30.6952         4051.54
759     200     2140.29         1245.94 -0.281995       3869.27
760     200     2275.58         1220.21 9.90329         4057.96
761     200     2049.61         1316.12 -1.88183        3926.12
762     200     2091.67         1320.78 10.7408         4089.5 
763     200     1925.47         1339.56 13.3433         3859.91
764     200     2036.84         1329.91 19.9299         3852.01
765     200     2128.72         1213.24 31.1783         3774.7 
766     200     2236.88         1251.83 41.8214         3816.06
767     200     2039.58         1347.61 -11.3036        3853.23
768     200     2006.4          1351.24 47.4029         3891.94
769     200     2178.86         1311.53 29.3105         3882.01
770     200     2244.89         1277.02 7.57141         4068.78
771     200     2131.09         1308.18 52.6238         3847.49
772     200     2154.23         1308.86 38.958          3937.74
773     200     1934.9          1302.02 3.84922         3838.81
774     200     2235.93         1272.56 42.7896         3959.3 
775     200     2136.45         1323.3  90.3258         3822.39
776     200     2209.07         1290.34 19.5694         3947.2 
777     200     2131.76         1327.4  30.8958         4000.67
778     200     2203.47         1277.53 68.3812         3881.54
779     200     2281.2          1297.94 -3.58018        3994.04
780     200     2038.95         1336.16 27.7351         3997.15
781     200     2114.2          1310.79 32.7377         4144.57
782     200     1899.97         1381.6  42.114          3874.63
783     200     1876.74         1389.21 27.8106         4007.77
784     200     2011.44         1336.31 1.82938         3972.17
785     200     2131.86         1329.39 18.7239         4051.74
786     200     2041.76         1385.75 -20.3582        3825.57
787     200     1942.18         1407.03 0.215126        3957.46
788     200     2297.71         1279.89 23.8074         3820.41
789     200     1891.61         1388.09 3.03448         3902.85
790     200     2111.74         1332.66 19.8038         3823.5 
791     200     2106.82         1380.62 7.08677         4117.91
792     200     2390.86         1271.92 16.6451         4001.79
793     200     2108.24         1291.2  -1.82175        3947.9 
794     200     2265.85         1283.04 -9.95869        3966.14
795     200     2066.02         1355.27 23.2809         4010.86
796     200     2278.72         1278.56 8.01707         3919.39
797     200     2288.73         1311.17 61.5125         3925.75
798     200     2274.86         1351.82 41.137          4073.56
799     200     2261.88         1342.67 31.8711         4210.4 
800     200     2347.12         1304.12 41.7258         4080.64
801     200     2246.6          1418.81 13.862          4007.22
802     200     2116.08         1352.37 57.3336         3892.09
803     200     2272.56         1321.92 76.052          4003.63
804     200     2196.28         1366.15 89.867          4021.26
805     200     2311.41         1297.18 106.289         3955.48
806     200     2156.16         1344.86 29.5977         4015.74
807     200     2245.07         1343.55 44.8089         3944.73
808     200     2141.39         1407.05 -8.62666        4064.86
809     200     2141            1342.7  -0.87277        3959.65
810     200     2279.68         1314.46 54.2432         3938.83
811     200     2128.11         1357.74 -9.17263        3814.22
812     200     2358.23         1287.31 -3.61319        4084.07
813     200     2235.32         1317.53 11.1753         3985.53
814     200     2255.83         1358.61 19.191          3969.96
815     200     2151.02         1372.28 5.36481         4120.8 
816     200     2267.54         1347.54 94.0499         3932.08
817     200     2160.64         1351.44 25.531          4035.26
818     200     2130.99         1411.43 2.02381         3953.38
819     200     2044.34         1365.15 -2.90679        3969.77
820     200     2027.03         1324.84 27.5876         4054.62
821     200     2051.56         1396.74 -8.7267         3973.6 
822     200     2057.58         1423.39 30.2644         4111.12
823     200     1940.23         1378.02 75.1743         4064.7 
824     200     2178.46         1408.18 29.2081         3940.88
825     200     2215.07         1337.08 -3.51139        4238.58
826     200     2294.91         1397.84 34.3961         4282.34
827     200     2164.22         1338.64 -6.37045        4099.79
828     200     2100.63         1425.66 60.4527         3944.72
829     200     1967.62         1354.08 -1.15203        3971.37
830     200     1977.66         1405.04 -2.01199        3998.97
831     200     2102.96         1347.98 31.6735         3894.39
832     200     2235.17         1301.96 62.8047         3948.67
833     200     2321.82         1320.37 27.9195         3991.3 
834     200     2370.39         1356.06 80.2983         4027.11
835     200     2128.62         1321.08 79.7516         4033.69
836     200     2233.73         1341.19 3.8692          3936.12
837     200     2012.25         1446.45 1.43783         4052.25
838     200     2078.81         1449.39 -7.57972        4138.32
839     200     2286.53         1417.41 -3.056          4147.97
840     200     2127.99         1367.09 75.1522         4054.49
841     200     2215.27         1417.81 14.141          4092.67
842     200     1985.35         1416.28 -2.46587        4086.4 
843     200     1940.5          1425.49 36.7924         4091.6 
844     200     2269.26         1396.64 6.70412         4098.17
845     200     2110.12         1377.53 -0.358996       4078.55
846     200     2198.86         1415.14 -9.63297        3995.34
847     200     2269.58         1305.05 -1.51067        4136.5 
848     200     2327.33         1375.78 -14.7602        4090.53
849     200     2224.9          1422.56 1.42538         4079   
850     200     2211.75         1412.19 -4.77687        4072.87
851     200     2287.26         1389.79 -7.69965        4153.58
852     200     2370.02         1344.15 -10.0809        4050.2 
853     200     2258.13         1390.98 8.2033          4141.53
854     200     1901.3          1364.3  12.5922         4099.44
855     200     2043.91         1402.69 -5.21877        4115.59
856     200     2238.12         1407.23 8.13352         4099.23
857     200     2054.01         1422.2  -1.84773        4066.78
858     200     2122.69         1390.5  -9.37122        4071.91
859     200     2384.45         1390.6  2.79018         4020.84
860     200     2168.72         1441.49 2.60378         4118.89
861     200     2077.53         1402.2  -0.00486717     4070.75
862     200     2226.48         1400.72 7.01441         4040.85
863     200     2084.3          1384.6  35.377          4049.16
864     200     2036.01         1449.45 35.2571         4274.09
865     200     2175.6          1426.84 11.0931         4091.28
866     200     1899.53         1497.29 20.934          4054.14
867     200     2003.91         1374.11 63.2822         4192.17
868     200     1947.54         1438.3  -6.32944        3994.02
869     200     1837.51         1350.7  1.67764         4103.72
870     200     2110.69         1386.77 103.728         4085.92
871     200     2324.37         1349.29 -1.54294        4048.67
872     200     2273.12         1379.31 -7.10932        4013.41
873     200     2198.14         1400.46 31.3068         4105.03
874     200     2064.01         1380.96 5.16722         4097.3 
875     200     2075.33         1429.5  7.05479         4083.78
876     200     2098.53         1433.45 -1.27548        4069.71
877     200     1954.28         1415.31 -7.30796        4154.08
878     200     2286.31         1386.08 31.1463         4053.36
879     200     2161.26         1386.65 32.3397         4060.25
880     200     2301.57         1451.12 19.6988         4204.37
881     200     2072.54         1426.99 30.3598         4136.29
882     200     2186.13         1419.51 28.1061         4131.32
883     200     1983.9          1380.08 67.9538         4093.91
884     200     2030.51         1438.93 24.2883         4020.91
885     200     2218.34         1431.24 37.2365         4078.66
886     200     2306.8          1422.66 -8.50724        4181.08
887     200     2320.5          1434.29 8.05344         4028.26
888     200     2066.51         1372.67 -5.86289        4141.11
889     200     2336.75         1377.23 13.7498         4119.31
890     200     2089.25         1339.17 22.5276         4132.92
891     200     2593            1296.44 78.6815         4194.27
892     200     2484.52         1257.74 29.4123         4116.81
893     200     2395.08         1377.05 15.1868         4194.92
894     200     2089.54         1347.51 17.9431         4123.45
895     200     2229.62         1399.58 -9.79861        4136.84
896     200     2249.59         1400.43 14.4578         4195.31
897     200     2005.09         1473.67 30.7692         4196.9 
898     200     2072.88         1433.18 20.2633         4039.84
899     200     2135.98         1410.92 20.5294         4027.63
900     200     2120.12         1436.7  5.91449         4101.55
901     200     2287.54         1405.38 50.5784         4102.55
902     200     2116.26         1422.01 40.3096         4102.92
903     200     2148.81         1458.87 59.0409         4119.54
904     200     2090.97         1386.99 -1.28201        4122.69
905     200     2287.92         1451.11 20.26           4200.64
906     200     2005.73         1422.22 31.926          4114.99
907     200     2163.58         1377.74 67.1046         4109.45
908     200     2208.54         1376.41 1.68848         4230.02
909     200     2258.41         1453.85 -5.11198        4220.5 
910     200     2039.45         1379.76 -6.04399        4190.03
911     200     2197.06         1414    50.1157         4101.01
912     200     2256.05         1436.18 2.72118         4090.05
913     200     2111.99         1392.25 2.93481         4022.66
914     200     2156.65         1472.26 -8.68491        4250.89
915     200     2106.42         1373.63 3.15181         4093.54
916     200     2168.96         1436.72 -4.49591        4064.69
917     200     2229.32         1411.89 27.601          4076.59
918     200     2093.08         1419.89 -7.20624        4228   
919     200     2398.18         1407.03 11.6921         4196.6 
920     200     2151.77         1451.64 -2.71218        4189.88
921     200     2179.51         1381.94 1.52274         4048.34
922     200     2089.72         1480.83 0.476953        4115.49
923     200     2310.1          1418.35 -3.56869        4173.55
924     200     1975.49         1433.69 -6.51447        4066.87
925     200     2145.62         1451.61 2.72505         4241.59
926     200     2018.96         1460.41 87.2922         4187.01
927     200     2248.28         1395.68 4.30562         4165.22
928     200     2194.65         1379.31 74.5625         4150.05
929     200     2197.71         1399.84 27.2997         4054.87
930     200     2308.92         1397.28 36.1531         4213.28
931     200     2239.41         1432.8  49.8115         4213.61
932     200     2287.95         1421.7  -5.44576        4171.8 
933     200     1942.51         1471.43 24.8207         4244.04
934     200     2081.62         1434.37 90.2745         4143.47
935     200     2194.86         1403.88 -1.13819        4005.4 
936     200     2193.21         1429.78 10.4602         4078.13
937     200     2385.92         1348.46 87.6021         4176.12
938     200     2373.29         1349.61 -5.09738        4053.82
939     200     2202.86         1400.84 101.483         4115.6 
940     200     2204.01         1408.13 61.7572         4097.13
941     200     2413.42         1329.48 -10.0253        4044.19
942     200     2419.13         1351.23 -3.30306        4150.77
943     200     2201.61         1420.49 -8.61524        4155.66
944     200     2229.92         1429.85 -2.83092        4141.6 
945     200     2258.34         1364.3  9.26994         4279.22
946     200     2177.63         1396.47 25.1751         4214.51
947     200     2149.68         1444.64 -19.2695        4117.38
948     200     2017.47         1416.4  -8.97836        4077.96
949     200     2182.48         1363.64 -14.6803        4012.07
950     200     2270.16         1414.71 2.79551         4195.72
951     200     2301.88         1339.42 3.69938         4298.3 
952     200     2195.17         1411.59 -9.78138        4176.08
953     200     2025.99         1428.54 -1.16296        4006.71
954     200     2133.41         1402.36 -4.50645        4106.82
955     200     2227.09         1355.12 -9.48995        4071.89
956     200     2258.1          1405.71 -11.1923        4203.23
957     200     2175.21         1392.49 -7.9176         4099.5 
958     200     2064.52         1399.54 -19.949         4107.6 
959     200     2263.03         1437.28 -16.8074        4153.98
960     200     2174.08         1414.04 -5.25387        4246.01
961     200     2220.87         1422.01 -11.4879        4243.15
962     200     2259.13         1388.06 -18.1937        4100.78
963     200     2304.63         1365.41 32.5017         4135.69
964     200     2136.35         1375.65 -31.6481        4105.77
965     200     2179.49         1369.8  -2.12857        4180.2 
966     200     2284.83         1438.46 -21.6238        4139.27
967     200     2247.01         1451.76 -15.3339        4153.52
968     200     2149.3          1433.15 -11.7617        4164.99
969     200     2047.69         1433.74 -11.5786        4117.7 
970     200     2263.23         1406.82 -17.6706        4104.34
971     200     2200.12         1391.54 -12.1603        4145.97
972     200     2281.13         1358.64 -7.40363        4145.41
973     200     2132.68         1402.1  47.8969         4135.05
974     200     2245.75         1423.26 -20.9003        4133   
975     200     2522.91         1358.74 1.0351          4106.06
976     200     2287.68         1398.46 -13.2865        4148.03
977     200     2344.03         1373.71 -13.8989        4260.24
978     200     2489.52         1402.08 -6.20316        4203.34
979     200     2186.59         1499.89 -88.0681        4144.51
980     200     2142            1365.35 -20.1092        4114.46
981     200     2119.21         1372.47 -1.35786        4160.63
982     200     2224.51         1421.82 -8.97132        4302.04
983     200     2305.5          1449.92 -99.4767        4273.8 
984     200     2182.84         1454.17 -19.1193        4246.55
985     200     2195.7          1446.71 -43.5688        4200.34
986     200     2133.93         1456.45 -6.14041        4141.43
987     200     2268.37         1457.85 -34.8923        4285.29
988     200     2250.97         1448.41 -4.30179        4148.28
989     200     2285.86         1448.14 -15.9275        4179.2 
990     200     2097.97         1462.75 -1.31252        4158.57
991     200     2062.41         1543.51 -45.2567        4233.68
992     200     2302.05         1527.99 -25.9673        4265.65
993     200     2190.62         1477.82 5.62299         4162.06
994     200     1998.98         1515.03 -15.109         4185.38
995     200     1928.95         1503.82 -42.1652        4145.05
996     200     2007.15         1503.55 -18.6721        4218.45
997     200     2277.13         1507.3  19.9666         4234.46
998     200     2103.25         1512.72 -20.7781        4283.34
999     200     2120.02         1468.02 15.8288         4135.8 
1000    200     2221.74         1463.38 7.42197         4166.66
1001    200     2216.89         1487.02 -6.89467        4187.4 
1002    200     2087.19         1472.98 36.5532         4134.95
1003    200     2360.37         1428.87 88.097          4239.76
1004    200     2110.3          1464.72 -14.7755        4158.33
1005    200     2165.18         1517.67 -6.64515        4330.55
1006    200     1849.89         1484.34 -108.896        4331.05
1007    200     2215.96         1454.79 1.82874         4267.65
1008    200     2109.53         1497.62 1.6122          4198.52
1009    200     2208.61         1424.05 15.2183         4369.65
1010    200     2067.67         1483.18 2.66745         4327.34
1011    200     2261.48         1461.36 -2.92349        4320.34
1012    200     2125.05         1477.19 -23.5591        4142.16
1013    200     2071.2          1509.19 -9.99772        4237.24
1014    200     2124.43         1446.8  17.9421         4211.53
1015    200     2263.9          1457.66 -53.6402        4147.83
1016    200     2053.69         1462.93 33.5736         4265.87
1017    200     2318.83         1417.75 6.67811         4328.74
1018    200     2014.46         1439.59 -19.1512        4211.42
1019    200     2478.1          1464.43 27.657          4222.18
1020    200     2167.55         1523.93 -10.8441        4339.9 
1021    200     2028.88         1495.11 64.8476         4257.61
1022    200     2167.27         1531.35 52.4723         4209.12
1023    200     2094.13         1469.22 -6.72404        4165.33
1024    200     2243.05         1445.36 15.5534         4349.72
1025    200     2069.5          1519.34 -10.2522        4234.99
1026    200     2236.35         1478.99 3.71119         4336.73
1027    200     2105.63         1558.23 -22.2431        4329   
1028    200     2041.61         1513.89 0.597965        4214.78
1029    200     1996.6          1503.83 -10.503         4220.12
1030    200     2029.57         1587.7  -4.34334        4185.93
1031    200     1904.29         1526.34 -23.572         4230.56
1032    200     2022.58         1504.86 -18.4145        4191.47
1033    200     2070.74         1489.14 2.32412         4200.67
1034    200     2228.73         1487.45 31.9621         4313.68
1035    200     2117.08         1447.83 38.8433         4273.14
1036    200     2099.54         1494.64 -13.1213        4146.9 
1037    200     2392.73         1450.15 -46.0584        4165.74
1038    200     2116.4          1471.6  -10.0578        4310.05
1039    200     2284.9          1486    14.213          4153.87
1040    200     2158.54         1489.94 1.84396         4281.47
1041    200     2334.95         1497.85 -3.48377        4187.41
1042    200     2189.35         1543.13 -12.4513        4163.94
1043    200     2340.25         1540.81 6.05694         4162.74
1044    200     2118.54         1510.62 5.14619         4221.02
1045    200     2237.98         1529.9  -4.69532        4225.23
1046    200     2312.04         1505.16 -17.2624        4294.09
1047    200     2144.6          1551.49 3.35204         4188.06
1048    200     2196.65         1484.21 1.48271         4190.08
1049    200     2153.9          1510.49 -4.10738        4203.92
1050    200     2261            1540.87 -7.77016        4204.57
1051    200     2128.22         1579.13 28.9224         4223.57
1052    200     2133.62         1535.15 -47.8959        4276.55
1053    200     2267.28         1488.86 -2.31822        4280.53
1054    200     2094.31         1569.18 -15.4782        4259.49
1055    200     2120.59         1454.47 -4.16235        4220.02
1056    200     2385.87         1528.96 -8.35265        4270.8 
1057    200     2020.98         1595.42 2.90828         4280.16
1058    200     2097.06         1517.62 -6.08043        4223.04
1059    200     2085.81         1612.97 -19.737         4293.24
1060    200     2277.43         1487.38 -0.533857       4303.5 
1061    200     1981.86         1557.82 -11.1254        4339.96
1062    200     2114.86         1495.79 -46.6574        4364.81
1063    200     2063.84         1552.85 -13.0019        4298.91
1064    200     2296.61         1500    -26.5445        4233.57
1065    200     2065.51         1512.1  21.4142         4131.39
1066    200     2088.69         1500.37 60.25           4214.09
1067    200     2308.59         1518.6  -26.5546        4164.42
1068    200     2231.23         1504.51 40.7393         4183.44
1069    200     2104.1          1563.62 -7.63125        4233.25
1070    200     1978.76         1531.96 -13.0683        4238.98
1071    200     2247.32         1566.15 -3.27209        4334.83
1072    200     2071.96         1562.36 -12.4693        4192.01
1073    200     2043.13         1532.77 -24.5553        4304.56
1074    200     2124.83         1589.54 -15.5829        4188.38
1075    200     1983.66         1475.01 -9.88951        4216.86
1076    200     2020.69         1574.04 -9.96634        4227.55
1077    200     1879            1475.4  -25.4818        4256.26
1078    200     2294.4          1462.37 21.1779         4356.58
1079    200     2157.84         1496.76 10.8188         4326.12
1080    200     2017.85         1463.45 -17.8163        4199.91
1081    200     2324.04         1451.46 5.28156         4250.74
1082    200     2348.82         1441.53 96.2587         4207.52
1083    200     2257.45         1449.6  -3.67743        4293.38
1084    200     2185.87         1495.34 -24.6079        4211.78
1085    200     2515.86         1396.3  4.2363          4165.9 
1086    200     2701.99         1326.6  -11.8178        4190.61
1087    200     2367.74         1442.27 61.3901         4221.88
1088    200     2350.38         1404.99 4.23824         4249.39
1089    200     2549.56         1409.19 4.75241         4266.24
1090    200     2263.16         1485.5  61.7278         4333.04
1091    200     2446.79         1470.74 -12.7053        4200.88
1092    200     2517.29         1336.3  -5.44126        4200.08
1093    200     2293.97         1496.03 -6.79777        4253.95
1094    200     2316.32         1481.03 -25.591         4300.93
1095    200     2253.82         1509.18 12.4994         4203.02
1096    200     2281.61         1500.34 5.72628         4272.9 
1097    200     2276.51         1464.04 -8.62533        4204.43
1098    200     2335.05         1432.04 10.422          4376.68
1099    200     2342.28         1504.46 -12.2534        4367.13
1100    200     2397.44         1468.19 -1.17409        4263.92
1101    200     2289.7          1456.2  -9.79628        4246.51
1102    200     2135.32         1551.2  3.57369         4321.04
1103    200     2193.81         1547.98 4.89129         4353.02
1104    200     2343.12         1466.34 7.69235         4282.8 
1105    200     2076.83         1575.88 -49.8115        4288   
1106    200     2299.16         1573.61 -14.292         4212.37
1107    200     2310.54         1541.59 -3.90553        4383.52
1108    200     2417.41         1492.38 -6.30137        4235.07
1109    200     2339.68         1543.19 -13.2401        4198.18
1110    200     2335.54         1558.74 39.3903         4406.38
1111    200     2615.77         1495.38 -27.5494        4297.98
1112    200     2468.41         1475.45 65.0862         4284.9 
1113    200     2479.56         1425.95 -1.17659        4257.4 
1114    200     2210.74         1540.88 5.64822         4264.05
1115    200     2219.3          1508.59 4.28417         4261.54
1116    200     2300.85         1522.75 57.8138         4273.44
1117    200     2114.18         1517.39 42.6952         4194.41
1118    200     2198.99         1549.52 25.6429         4256.82
1119    200     2166.27         1533.15 -4.77984        4456.8 
1120    200     2425.79         1505.65 0.952247        4292.73
1121    200     2209.23         1508.92 -10.4987        4428.13
1122    200     2333.59         1498.03 -16.5081        4303.36
1123    200     2247.1          1501.38 4.33389         4157.18
1124    200     2143.35         1499.05 -27.4748        4407.08
1125    200     2106.02         1526.25 -28.0933        4341.22
1126    200     2294.62         1512.74 -13.5548        4298.54
1127    200     2281.19         1511.45 -13.4614        4147.94
1128    200     2195.82         1612.53 35.3446         4309.96
1129    200     2347.73         1498.07 -24.2076        4319.79
1130    200     2317.91         1511.35 49.4787         4191.19
1131    200     2131            1542.53 5.63337         4410.69
1132    200     2315.49         1475.61 19.937          4224.1 
1133    200     2420.72         1517.33 64.4522         4216.04
1134    200     2327.97         1468.71 54.5704         4214.31
1135    200     2234.26         1515.45 15.2552         4362.47
1136    200     2278.87         1525.87 35.9097         4243.7 
1137    200     2174.79         1500.01 69.2263         4112.51
1138    200     2383.66         1611.18 -12.26          4377.4 
1139    200     1966.8          1546.87 -2.97221        4245.98
1140    200     1961.98         1537.52 -44.5874        4257.21
1141    200     2301.25         1544.14 5.57258         4222.2 
1142    200     2260.86         1525.16 1.1199          4286.47
1143    200     2341.76         1554.5  -34.1396        4222.28
1144    200     2229.01         1567.87 -2.10581        4225.44
1145    200     2111.97         1519.38 -9.57602        4267.53
1146    200     2098.08         1580.07 3.93845         4216.03
1147    200     2374.88         1546.36 -6.41208        4411.04
1148    200     2261.61         1487.07 65.54           4285.65
1149    200     2453.37         1561.85 5.65415         4330.53
1150    200     2215.28         1586.93 -13.4719        4269.68
1151    200     2250.96         1575.45 -11.2185        4239.61
1152    200     2215.27         1493.58 28.7919         4217.55
1153    200     2296.15         1499.67 -7.70609        4240.4 
1154    200     2231.87         1502.86 18.6466         4284.77
1155    200     2231.32         1528.54 -9.81443        4167.35
1156    200     2290.58         1565.37 6.46662         4315.28
1157    200     2302.28         1562.4  17.3807         4395.12
1158    200     2108.1          1459.03 -9.63505        4197.11
1159    200     2455.66         1493.64 30.5158         4305.3 
1160    200     2533.65         1400.54 1.01129         4301.59
1161    200     2263.22         1486.91 100.199         4201.85
1162    200     2296.7          1459.16 -14.5665        4254.16
1163    200     2352.19         1536.64 -7.60962        4289.8 
1164    200     2332.71         1524.09 86.4196         4257.44
1165    200     2218.29         1435.2  0.465349        4279.71
1166    200     2310.54         1520.81 61.7718         4281.25
1167    200     2571.59         1418.24 77.007          4281.41
1168    200     2532.41         1477.44 -12.0067        4265.4 
1169    200     2213.88         1508.05 -18.6047        4305.35
1170    200     2286.43         1555.22 26.8241         4238.09
1171    200     2523.11         1485.14 -21.3978        4342.84
1172    200     2562.57         1489.03 -8.04009        4304.51
1173    200     2569.19         1512.56 5.71534         4254.73
1174    200     2491.81         1485.29 77.0151         4269.87
1175    200     2412.56         1479.77 65.5625         4261.29
1176    200     2432.47         1488.58 1.87268         4424.7 
1177    200     2344.23         1496.61 54.2107         4378.79
1178    200     2602.14         1481.75 62.0122         4260.89
1179    200     2772.83         1425.46 92.9336         4429.92
1180    200     2235.56         1478.92 6.26704         4326.49
1181    200     2616.92         1489.13 77.1516         4351.61
1182    200     2606.74         1430.46 83.5712         4335.1 
1183    200     2353.23         1547.83 45.8879         4282.66
1184    200     2390.73         1544.48 68.9503         4298.56
1185    200     2527.05         1513.64 100.288         4383.28
1186    200     2603.04         1427.1  19.0622         4375.26
1187    200     2465.18         1529.04 75.0348         4439.27
1188    200     2187.1          1559.3  60.9087         4320.14
1189    200     2537.73         1477.24 53.5737         4333.5 
1190    200     2539.79         1412.11 60.203          4294.72
1191    200     2479.25         1426.25 2.63535         4305.67
1192    200     2665.79         1462.15 78.5854         4383.17
1193    200     2337.92         1518.37 36.0195         4374.23
1194    200     2422.53         1567.29 4.73814         4446.15
1195    200     2247.26         1583.16 2.16075         4438.8 
1196    200     2510.79         1418.76 110.947         4394.21
1197    200     2388.37         1474.7  17.6918         4260.63
1198    200     2506.53         1471.81 54.7613         4260.83
1199    200     2579.29         1486.16 -5.03952        4360.89
1200    200     2506.18         1464.21 -1.86096        4453.11
1201    200     2633.67         1443.59 -11.6036        4376.22
1202    200     2332.33         1532.21 55.4793         4327.78
1203    200     2484.91         1516.66 69.4814         4353.26
1204    200     2274.73         1532.27 39.3568         4333.98
1205    200     2597.95         1532.84 8.32773         4362.31
1206    200     2581.67         1498.06 22.7918         4346.96
1207    200     2549.85         1531.35 77.5332         4322.53
1208    200     2589.35         1465.65 115.066         4301.21
1209    200     2660.53         1440.83 109.995         4341.58
1210    200     2602.45         1467.76 37.8936         4392.39
1211    200     2427.12         1537.21 111.943         4443.21
1212    200     2459.21         1552.52 93.3377         4301.42
1213    200     2598.43         1479.02 0.0770026       4372.47
1214    200     2625.67         1465.8  6.39142         4360.13
1215    200     2559.06         1432.47 9.995           4314.96
1216    200     2466.47         1451.22 58.464          4247.82
1217    200     2558.39         1477.17 107.481         4312.5 
1218    200     2427.1          1622.91 -13.3399        4366.31
1219    200     2578.23         1485.18 -12.0717        4348.82
1220    200     2598.86         1478.62 -6.22675        4271.62
1221    200     2422.54         1542.67 -18.8152        4341.16
1222    200     2510.88         1537.85 -2.62859        4335.11
1223    200     2510.53         1592.04 -6.66699        4337.89
1224    200     2406.81         1486.68 -15.4435        4373.29
1225    200     2436.84         1546.39 -38.8168        4404.26
1226    200     2323.65         1523.03 -2.0759         4415.55
1227    200     2604.17         1537.16 3.77473         4414.34
1228    200     2392.27         1546.6  -1.64586        4422.22
1229    200     2284.17         1566.83 -8.75342        4309.73
1230    200     2426.74         1491.43 2.3515          4445.75
1231    200     2509.39         1470.33 8.37444         4296.84
1232    200     2248.38         1503.94 13.3963         4308.57
1233    200     2263.21         1539.62 77.8922         4383.32
1234    200     2444.86         1533.9  -12.3925        4323.56
1235    200     2520.97         1510.69 10.3648         4471.99
1236    200     2380.69         1462.51 -23.6935        4510.67
1237    200     2488.87         1510.76 -28.4474        4358.46
1238    200     2352.71         1521.01 -4.64206        4313.21
1239    200     2373.72         1543.66 -0.983979       4306.23
1240    200     2029.95         1536.35 -41.0892        4331.46
1241    200     2437.47         1520.99 25.4046         4305.05
1242    200     2315.11         1535.64 -23.2679        4337.34
1243    200     2350.21         1485.92 39.2812         4362.66
1244    200     2408.1          1516.14 31.3918         4355.14
1245    200     2586.63         1482.04 -0.769966       4305.06
1246    200     2648.26         1437.78 -10.5819        4348.57
1247    200     2559.71         1470.56 7.17479         4299.42
1248    200     2537.27         1465.32 -14.7127        4291.11
1249    200     2522.21         1529.69 -6.24426        4406.86
1250    200     2627            1357.68 92.8723         4259.71
1251    200     2532.81         1554.45 10.5497         4310.97
1252    200     2566.68         1476.72 -8.74934        4356.94
1253    200     2570.31         1539.89 2.42176         4298.46
1254    200     2471.09         1518.38 3.14838         4343.08
1255    200     2697.08         1523.24 -4.93891        4360.28
1256    200     2491.33         1523.42 6.975           4461.75
1257    200     2494.05         1487.85 14.3529         4296.48
1258    200     2671.5          1502.53 3.96662         4419.06
1259    200     2556.87         1528.94 107.315         4463.11
1260    200     2241.91         1463.17 -0.766278       4388.02
1261    200     2719.89         1426.33 -7.71865        4483.62
1262    200     2566.02         1496.14 0.00368833      4381.07
1263    200     2610.71         1541.59 -10.7122        4461.63
1264    200     2554.87         1515.84 51.4388         4409.36
1265    200     2518.39         1471.1  34.1351         4302.52
1266    200     2622.12         1474.58 16.89           4455.74
1267    200     2616.77         1446.17 -56.2843        4411.57
1268    200     2621.38         1458.64 80.6935         4425.5 
1269    200     2478.15         1517.06 -79.5554        4421.51
1270    200     2517.73         1476.47 64.4534         4650.91
1271    200     2400.57         1543.67 8.92332         4358.35
1272    200     2590.12         1430.92 -12.6082        4362.06
1273    200     2577.04         1489.12 5.48098         4453.6 
1274    200     2352.03         1474.73 93.7803         4485.05
1275    200     2454.99         1507.36 69.1705         4541.74
1276    200     2653.78         1427.11 17.8647         4360.48
1277    200     2568.08         1508.04 29.594          4380.58
1278    200     2605.58         1470.86 80.5391         4387.32
1279    200     2641.14         1510.79 21.4896         4445.34
1280    200     2445.66         1551.09 6.83533         4450.85
1281    200     2436.51         1509.76 80.0218         4547.74
1282    200     2298.38         1528.17 87.3556         4412.8 
1283    200     2671.09         1448.73 22.5151         4408.68
1284    200     2582            1551.68 -19.6599        4502.3 
1285    200     2578.8          1505.8  84.7531         4416.07
1286    200     2594.69         1522.91 33.3996         4323.34
1287    200     2352.04         1515.38 30.7036         4342.45
1288    200     2644.93         1531.89 4.05519         4514.74
1289    200     2375.47         1549.7  73.4081         4408.22
1290    200     2532.3          1496.27 91.3494         4420.81
1291    200     2588.5          1529.84 63.8557         4416.31
1292    200     2511.01         1572.04 100.675         4408.25
1293    200     2532.66         1543.8  51.3194         4351.4 
1294    200     2457.4          1533.27 52.3            4464.63
1295    200     2574.6          1435.42 121.291         4389.29
1296    200     2761.36         1440.94 137.071         4308.04
1297    200     2689.4          1475.66 10.9993         4369.78
1298    200     2689.36         1436.66 116.487         4409.89
1299    200     2709.82         1378.8  -115.903        4480.42
1300    200     2735.61         1425.6  -0.912574       4347.27
1301    200     2829.32         1376.81 -6.17303        4354.04
1302    200     2865.93         1380.26 90.6728         4360.52
1303    200     2515.44         1479.98 -28.2801        4538.29
1304    200     2724.86         1415.04 122.861         4394.9 
1305    200     2818.84         1406.04 28.9375         4423.49
1306    200     2666.53         1460.94 99.9346         4391.47
1307    200     2622.35         1480.78 122.403         4501.1 
1308    200     2801.29         1426.08 -3.99596        4509.5 
1309    200     2644.64         1525.33 14.6406         4479.68
1310    200     2588.09         1425.38 2.11333         4393.79
1311    200     2393.74         1538.61 24.2229         4480.56
1312    200     2698.24         1493.61 34.7048         4449.92
1313    200     2646.12         1447.15 3.41883         4341.92
1314    200     2771.65         1493.97 25.5285         4519.65
1315    200     2459.69         1533.96 91.5483         4520.49
1316    200     2582.49         1560.98 83.4926         4490.31
1317    200     2400.86         1496.44 91.0272         4345.61
1318    200     2633.86         1512.58 88.9543         4460.94
1319    200     2305.65         1494    1.53937         4516.23
1320    200     2623.54         1513.67 6.65331         4432.7 
1321    200     2526.07         1542.84 59.7657         4363.53
1322    200     2618.22         1527.41 50.3898         4481.86
1323    200     2600.48         1571.52 88.687          4357.79
1324    200     2542.07         1484.78 93.7205         4414.97
1325    200     2552.73         1451.87 88.3684         4540.83
1326    200     2613.28         1496.86 -54.2195        4378.78
1327    200     2359.95         1590.67 -16.6086        4450.18
1328    200     2487.91         1505.43 31.3376         4399.82
1329    200     2401.48         1563.78 43.6183         4305.65
1330    200     2497.82         1580.86 12.3855         4431.62
1331    200     2553.13         1444.04 49.3472         4494.59
1332    200     2463.57         1568.26 -1.89519        4420.02
1333    200     2533.33         1507.62 4.20803         4397.18
1334    200     2672.28         1462.77 64.4071         4350.14
1335    200     2513.6          1436.76 81.6453         4426   
1336    200     2460.9          1515.75 -15.34          4421.23
1337    200     2546.19         1471.99 37.2238         4491.72
1338    200     2610.78         1420.24 49.1329         4402.18
1339    200     2717.84         1400.46 61.2934         4411.22
1340    200     2621.43         1470.11 -37.9668        4366.91
1341    200     2795.4          1424.06 -57.5461        4507.01
1342    200     2644.22         1381.21 51.7255         4328.23
1343    200     2760.53         1448.42 95.2182         4432.31
1344    200     2423.53         1563.36 0.971842        4529.13
1345    200     2562.78         1510.01 -14.5501        4484.04
1346    200     2612.78         1507.12 64.3736         4405.48
1347    200     2674.86         1442.63 12.4369         4435.93
1348    200     2588.18         1408.71 54.5566         4400   
1349    200     2550.87         1518.31 31.5105         4410.02
1350    200     2583.31         1454.25 9.62498         4480.26
1351    200     2511.14         1509.32 31.5317         4333.13
1352    200     2751.99         1467.17 77.4904         4417.07
1353    200     2546.99         1511.85 0.0230161       4432.55
1354    200     2530.92         1520.86 24.6006         4430.85
1355    200     2416.19         1504.92 40.6791         4423.5 
1356    200     2757.09         1463.76 75.6685         4472.26
1357    200     2649.49         1421.15 -16.6322        4537.56
1358    200     2744.13         1405.07 79.1228         4462.67
1359    200     2502.3          1497.25 66.8099         4439.87
1360    200     2855.44         1421.05 81.374          4431.06
1361    200     2584.7          1410.44 98.9321         4471.08
1362    200     2728.5          1464.12 62.3495         4392.74
1363    200     2873.62         1403.37 112.187         4522.34
1364    200     2641.23         1455.21 100.326         4453.26
1365    200     3036.43         1320.15 106.179         4397.16
1366    200     2686.54         1413.47 90.6476         4539.79
1367    200     2810.78         1428.62 65.3145         4398.24
1368    200     2807.32         1401.63 86.6856         4536.95
1369    200     2922.86         1419.45 75.717          4366.57
1370    200     2639.7          1497.5  123.616         4473.31
1371    200     2500.02         1548.54 78.2519         4412.13
1372    200     2563.91         1511.91 60.3433         4509.22
1373    200     2600.09         1499.02 68.032          4344.07
1374    200     2626.94         1468.5  73.0399         4384.75
1375    200     2545.23         1529.5  54.2788         4295.49
1376    200     2651.58         1522.05 106.09          4394   
1377    200     2686.33         1481.89 56.4265         4371.57
1378    200     2781.58         1449.3  -15.0708        4414.1 
1379    200     2729.63         1454.51 101.152         4372.05
1380    200     2631.2          1504.89 83.8277         4409.36
1381    200     2854.9          1438.03 33.4916         4455.6 
1382    200     2742.45         1449.14 8.35029         4385.89
1383    200     2599.58         1454.63 84.4543         4408.36
1384    200     2709.19         1476.5  64.3017         4523.17
1385    200     2909.31         1418.21 96.229          4594.63
1386    200     2670.17         1436.14 67.1551         4445.43
1387    200     2743.22         1468.37 62.3839         4468.41
1388    200     2672.01         1521.21 41.7261         4321.69
1389    200     2750.3          1488.2  79.223          4468.15
1390    200     2738.77         1476.61 110.263         4414.4 
1391    200     2527.17         1468.11 -12.2132        4414.88
1392    200     2812.52         1413.24 114.414         4452.96
1393    200     2805.37         1454.42 82.5702         4327.27
1394    200     2656.16         1443.33 100.445         4390.88
1395    200     2861.98         1405.26 104.473         4447.02
1396    200     2773.31         1411    130.183         4506.61
1397    200     2752.62         1483.01 98.3645         4401.74
1398    200     2772.3          1459.77 39.7366         4473.12
1399    200     2865.14         1420.51 132.556         4395.1 
1400    200     2759.66         1455.69 107.194         4446.76
1401    200     2778.53         1472.41 100.211         4386.88
1402    200     2789.95         1394.23 115.573         4367.5 
1403    200     2791.95         1450.6  124.562         4450.1 
1404    200     2603.08         1463.34 102.288         4438.21
1405    200     2893.73         1381.47 130.977         4477.5 
1406    200     2667.96         1454.36 101.512         4446.9 
1407    200     2609.9          1533.52 -2.71871        4561.94
1408    200     2655.02         1514.12 99.322          4508.36
1409    200     2724.54         1516.66 112.541         4417.72
1410    200     2873.27         1455.59 102.01          4444.73
1411    200     2741.12         1500.78 118.057         4489.93
1412    200     2742.69         1507.49 81.6949         4535.79
1413    200     2757.92         1449.15 106.535         4457.14
1414    200     2689.32         1530.63 5.66898         4439.29
1415    200     2799.35         1456.38 25.4506         4458.77
1416    200     2803.38         1497.98 120.895         4417.42
1417    200     2585            1519.21 58.6775         4476.27
1418    200     2667.1          1539.49 61.5529         4503.9 
1419    200     2752.05         1415.64 74.6155         4481.35
1420    200     2587.02         1551.61 55.385          4414.18
1421    200     2778.38         1431.41 76.5305         4438.66
1422    200     2717.13         1464.58 91.8202         4530.99
1423    200     2735.15         1400.52 101.195         4416.46
1424    200     2624.52         1486.97 -4.69063        4529.46
1425    200     2560.97         1601.46 95.7117         4480.33
1426    200     2489.71         1484.84 84.9128         4483.16
1427    200     2617.27         1496.65 26.2039         4435.69
1428    200     2556.97         1519.4  94.4921         4499.17
1429    200     2569.73         1493.39 58.2269         4456.55
1430    200     2594.23         1534.83 64.8325         4526.81
1431    200     2817.14         1451.27 -6.22711        4579.1 
1432    200     2733.77         1434.71 69.956          4432.97
1433    200     2627.08         1492.97 -8.02049        4413.64
1434    200     2810.9          1526.36 69.479          4546.4 
1435    200     2533.65         1516.08 1.08751         4481.14
1436    200     2633.08         1543.85 3.67563         4519.38
1437    200     2532.75         1471.85 -1.17748        4449.32
1438    200     2586.11         1540.46 6.28834         4475.19
1439    200     2731.8          1496.12 25.1744         4509.65
1440    200     2699.16         1508.22 67.6906         4710.09
1441    200     2475.07         1555.81 1.24018         4473.52
1442    200     2892.06         1492.16 65.1053         4559.81
1443    200     2721.61         1524.55 -7.02635        4674.8 
1444    200     2783.51         1556.61 -10.1898        4449.33
1445    200     2579.63         1503.62 0.893897        4454.89
1446    200     2941.68         1475.83 4.15793         4472.55
1447    200     2691.02         1473.75 -0.844599       4448.04
1448    200     2973            1449.29 45.8462         4479.85
1449    200     2396            1543.75 1.73888         4478.55
1450    200     2756.64         1527.34 2.85601         4521.04
1451    200     2715.36         1453.74 89.0109         4448.32
1452    200     2628.76         1510.05 32.362          4533.52
1453    200     2777.84         1494.29 4.28616         4424.68
1454    200     2927.69         1426.59 21.2707         4449.23
1455    200     2810.64         1460.7  101.043         4495.64
1456    200     3055.65         1403.52 52.0806         4470.29
1457    200     2851.23         1496.69 57.161          4463.23
1458    200     2768.91         1419.46 19.8818         4516.01
1459    200     2807.69         1523.38 66.0434         4465.47
1460    200     2913.41         1479.66 97.084          4504.31
1461    200     2734.16         1509.24 51.1077         4547.36
1462    200     2771.92         1475.03 -3.38917        4549.26
1463    200     2629.16         1544.75 -18.9539        4540.29
1464    200     2781.03         1548.48 0.316172        4513.57
1465    200     2603.27         1587.14 -10.2397        4473.69
1466    200     2629.94         1596.86 -0.658029       4489.51
1467    200     2581.18         1587.19 -14.5948        4487.94
1468    200     2627.87         1523.74 -5.58081        4490   
1469    200     2544.44         1618.67 -2.67632        4500   
1470    200     2460.75         1589.12 10.7053         4481.02
1471    200     2648.14         1541.63 1.27273         4593.37
1472    200     2985.55         1462.93 5.7718          4654.66
1473    200     2757.06         1513.8  6.07252         4506.53
1474    200     2993.87         1449.04 43.2782         4642.2 
1475    200     2795.38         1512.7  -4.30586        4483.52
1476    200     2566.96         1544.83 -14.0643        4504.5 
1477    200     2793.21         1499.92 15.9339         4465.35
1478    200     3067.71         1420.32 125.708         4473.48
1479    200     2921.68         1452.36 78.7353         4563.75
1480    200     2835.03         1511.3  -3.62653        4504.48
1481    200     2627.42         1602.62 72.9664         4451.68
1482    200     2721.11         1474.49 90.438          4542.3 
1483    200     2736.01         1558.37 73.8943         4560.64
1484    200     2770.91         1534.02 -4.94632        4626.43
1485    200     2689.76         1582.29 10.214          4499.5 
1486    200     2744.77         1436.16 58.3934         4458.59
1487    200     2589.94         1528.01 68.0244         4464.99
1488    200     2638.12         1565.99 0.923575        4487.19
1489    200     2629.37         1577.39 82.1501         4564.14
1490    200     2820.22         1504.82 12.4378         4464.92
1491    200     2821.64         1560.96 69.0152         4496.79
1492    200     2734.93         1586.44 21.8225         4476.88
1493    200     2708.27         1566.65 6.33543         4546.39
1494    200     2683.37         1553.71 38.5746         4500.97
1495    200     2778.66         1543.14 -12.9418        4464.27
1496    200     2755.04         1570.19 78.9549         4612.66
1497    200     2522.11         1622.69 -5.65879        4546.5 
1498    200     2836.75         1535.2  -7.58861        4629.14
1499    200     2651.44         1591.6  137.616         4553.31
Time elapsed: 8963.42079114914

