1152
gen	nevals	avg     	std    	min     	max    
0  	25    	-5.32598	5.74066	-18.6097	5.72583
1  	25    	-3.66026	9.49906	-17.5544	35.7226
2  	25    	-4.89276	7.77335	-18.5753	20.9957
3  	25    	-2.62246	7.62762	-16.2767	16.7987
4  	25    	-1.68616	6.91231	-13.0674	14.6634
5  	25    	-3.30919	5.4386 	-14.8673	9.7721 
6  	25    	-6.39267	5.38813	-18.3466	5.18944
7  	25    	-5.84786	4.83114	-15.5597	2.33916
8  	25    	-2.6488 	5.19578	-14.4501	8.40717
9  	25    	-3.20304	6.74511	-14.8501	12.6373
10 	25    	-2.02619	10.9185	-16.2831	43.1577
11 	25    	0.0264043	8.91358	-12.3169	25.3257
12 	25    	-1.55666 	4.50315	-9.20684	11.4649
13 	25    	3.16718  	10.9216	-15.2595	36.1714
14 	25    	3.51802  	14.7846	-14.8898	61.6821
15 	25    	1.89693  	9.71029	-11.2085	34.4377
16 	25    	4.10781  	12.5095	-12.4864	31.5747
17 	25    	3.51008  	9.93181	-11.8291	36.2718
18 	25    	14.0393  	19.0268	-4.65027	52.6038
19 	25    	18.3259  	16.5838	-2.8681 	50.2528
20 	25    	19.8482  	22.4841	-13.3129	86.7265
21 	25    	29.2794  	37.6283	-8.05743	128.357
22 	25    	35.0421  	73.6332	-89.1647	271.486
23 	25    	24.4667  	25.2105	-4.49589	91.1419
24 	25    	16.1961  	25.8096	-10.6508	112.217
25 	25    	17.3304  	31.6118	-33.2706	124.982
26 	25    	17.5507  	24.3159	-11.7402	104.995
27 	25    	27.0028  	48.554 	-26.3857	187.878
28 	25    	17.8355  	37.8455	-28.937 	171.541
29 	25    	22.7456  	53.4858	-23.2572	265.017
30 	25    	21.2782  	30.2724	-8.13165	115.586
31 	25    	45.0748  	50.0015	-2.19406	228.059
32 	25    	41.8711  	36.5073	-25.4239	133.478
33 	25    	42.5583  	71.7983	-8.37961	356.292
34 	25    	43.2785  	51.7423	-5.86715	228.251
35 	25    	39.1661  	59.7673	-18.2101	267.906
36 	25    	68.5605  	71.7327	-15.4439	228.757
37 	25    	54.9371  	53.0726	-13.4747	198.35 
38 	25    	58.0215  	52.1232	3.6651  	187.35 
39 	25    	69.5631  	73.7072	-27.3119	229.991
40 	25    	97.3562  	112.139	7.23304 	524.325
41 	25    	121.322  	105.797	17.1396 	403.873
42 	25    	89.4318  	63.0516	15.2596 	323.552
43 	25    	94.9968  	87.3704	14.7026 	344.602
44 	25    	81.6784  	85.0196	3.75193 	312.565
45 	25    	73.4145  	67.3369	-21.8346	247.184
46 	25    	86.5164  	70.9371	-9.30254	237.091
47 	25    	84.5324  	86.6239	-1.09444	290.978
48 	25    	106.905  	94.5536	-9.16555	388.368
49 	25    	80.4848  	81.9108	-7.38838	292.436
50 	25    	83.8561  	79.3103	10.3202 	289.031
51 	25    	108.815  	90.3783	3.75242 	267.803
52 	25    	94.9411  	100.56 	-1.14304	390.243
53 	25    	90.938   	99.1345	-47.4004	290.092
54 	25    	144.203  	112.219	-7.85796	384.161
55 	25    	118.823  	108.654	-13.8742	372.316
56 	25    	113.386  	110.515	-3.18798	398.545
57 	25    	95.0493  	98.3131	-2.46673	333.245
58 	25    	126.461  	116.167	13.1863 	397.534
59 	25    	113.578  	100.747	4.5711  	310.697
60 	25    	128.839  	164.473	-6.67942	829.709
61 	25    	120.331  	95.9726	-5.55556	317.901
62 	25    	127.828  	100.919	1.51935 	380.224
63 	25    	158.252  	116.556	-22.7018	416.224
64 	25    	138.549  	101.883	-13.9965	335.818
65 	25    	115.832  	92.7556	-1.27178	307.868
66 	25    	103.849  	97.4697	-15.1158	295.264
67 	25    	121.674  	118.065	-11.3494	565.213
68 	25    	153.55   	107.344	-3.7605 	339.575
69 	25    	125.531  	102.408	-3.61319	313.806
70 	25    	134.543  	141.148	14.833  	653.053
71 	25    	84.2403  	78.0089	-8.01966	297.899
72 	25    	122.197  	99.9653	-15.5957	346.111
73 	25    	167.283  	119.805	3.12348 	418.849
74 	25    	181.283  	119.705	7.7112  	429.845
75 	25    	193.367  	133.521	-21.7878	486.299
76 	25    	158.897  	166.803	-0.732021	789.857
77 	25    	258.399  	191.831	-7.07601 	935.488
78 	25    	248.974  	133.426	-7.45627 	508.872
79 	25    	248.724  	158.918	24.646   	799.353
80 	25    	209.883  	210.906	-16.7357 	1023.2 
81 	25    	202.999  	156.147	8.00438  	664.642
82 	25    	187.369  	113.351	29.178   	486.72 
83 	25    	232.133  	110.134	-7.74796 	445.964
84 	25    	188.666  	163.159	0.345898 	791.214
85 	25    	288.036  	197.208	27.0369  	975.611
86 	25    	280.305  	167.046	19.4599  	958.364
87 	25    	282.901  	155.496	11.7283  	686.328
88 	25    	297.128  	136.017	41.7079  	575.811
89 	25    	252.061  	102.93 	38.9339  	495.35 
90 	25    	296.895  	172.529	22.8904  	683.37 
91 	25    	292.954  	210.647	19.0037  	989.422
92 	25    	269.156  	174.289	40.551   	847.6  
93 	25    	302.964  	246.539	3.60212  	978.133
94 	25    	321.661  	170.682	4.49029  	968.29 
95 	25    	298.157  	237.941	4.2203   	962.611
96 	25    	231.312  	187.604	31.917   	1003.25
97 	25    	276.268  	112.605	74.1425  	539.689
98 	25    	214.645  	150.429	11.7986  	607.604
99 	25    	187.49   	111.203	37.0081  	360.414
100	25    	178.491  	97.6845	5.72391  	363.165
101	25    	188.401  	121.652	9.12738  	506.39 
102	25    	274.366  	152.952	44.4112  	743.405
103	25    	205.033  	94.604 	18.9248  	405.622
104	25    	304.82   	249.75 	18.1224  	962.694
105	25    	270.235  	130.137	28.2935  	517.991
106	25    	231.649  	189.845	19.0538  	978.315
107	25    	219.635  	138.91 	1.61075  	577.996
108	25    	240.742  	153.696	32.8382  	562.964
109	25    	231.561  	147.267	32.4434  	783.098
110	25    	351.583  	166.12 	103.722  	714.004
111	25    	287.522  	181.871	-15.1182 	757.54 
112	25    	304.979  	214.006	60.5105  	834.036
113	25    	227.95   	123.941	33.3787  	499.012
114	25    	307.387  	188.335	46.7479  	1021.53
115	25    	282.973  	168.08 	-37.4893 	624.898
116	25    	340.958  	231.554	38.9134  	986.798
117	25    	323.739  	157.098	92.3251  	713.578
118	25    	312.114  	144.603	31.4772  	605.763
119	25    	280.131  	137.095	69.065   	622.027
120	25    	274.494  	221.825	30.5907  	1075.6 
121	25    	227.898  	167.884	42.3445  	876.772
122	25    	289.972  	141.013	23.1061  	680.134
123	25    	288.612  	146.185	89.8673  	845.264
124	25    	318.77   	191.758	10.8665  	867.328
125	25    	279.522  	218.494	-0.506148	996.459
126	25    	284.911  	190.614	-7.20552 	680.363
127	25    	235.822  	112.457	50.4538  	449.293
128	25    	310.93   	196.436	14.2442  	775.442
129	25    	260.253  	91.2563	73.2202  	454.378
130	25    	330.215  	254.944	16.9249  	1001.49
131	25    	273.822  	248.531	-18.5164 	1000.97
132	25    	330.494  	254.972	16.1723  	1021.07
133	25    	308.394  	242.226	9.94938  	1029.56
134	25    	394.289  	217.089	60.9077  	985.101
135	25    	260.582  	174.035	32.3482  	957.177
136	25    	268.884  	236.749	3.72104  	1001.81
137	25    	314.622  	265.606	-9.64964 	1093.14
138	25    	330.789  	254.38 	27.2389  	993.852
139	25    	232.725  	136.944	25.0436  	604.934
140	25    	329.832  	289.566	12.0584  	1058.81
141	25    	234.113  	147.845	0.904784 	525.82 
142	25    	246.485  	139.208	-3.68795 	617.776
143	25    	200.845  	205.502	-8.9886  	957.235
144	25    	310.31   	205.496	-23.3729 	866.723
145	25    	301.734  	220.858	-3.28608 	1046.74
146	25    	273.403  	257.341	13.7348  	1003.97
147	25    	272.098  	190.763	-6.4624  	970.238
148	25    	349.29   	293.905	1.01547  	1025.97
149	25    	314.619  	214.011	-9.17222 	925.669
150	25    	241.717  	158.055	-1.08601 	544.187
151	25    	228.848  	224.244	12.5233  	981.113
152	25    	321.868  	178.779	-4.57409 	708.22 
153	25    	270.124  	216.71 	10.9447  	1039.56
154	25    	248.479  	193.909	-5.94298 	908.655
155	25    	327.971  	233.658	-2.68747 	963.884
156	25    	259.426  	188.307	23.3682  	946.833
157	25    	270.273  	141.367	-0.144322	504.511
158	25    	352.082  	175.467	73.0298  	783.242
159	25    	316.822  	206.853	28.6049  	818.13 
160	25    	317.765  	186.607	61.1827  	903.23 
161	25    	326.647  	274.511	5.98962  	1002.84
162	25    	232.318  	248.185	-12.7723 	993.836
163	25    	258.113  	212.196	5.02652  	1012.53
164	25    	267.473  	212.832	0.58021  	953.177
165	25    	342.206  	284.474	13.9065  	1166.41
166	25    	317.253  	227.535	-2.56007 	1071.1 
167	25    	322.994  	218.6  	38.4976  	1091.74
168	25    	296.282  	269.895	20.2995  	1087.32
169	25    	331.749  	205.711	17.6992  	971.023
170	25    	346.78   	252.934	7.72483  	983.244
171	25    	246.587  	143.19 	2.23499  	498.63 
172	25    	208.924  	191.382	-28.1449 	680.317
173	25    	260.609  	136.341	15.8502  	563.532
174	25    	320.063  	228.448	26.6413  	1000.08
175	25    	326.589  	212.645	26.6197  	982.562
176	25    	422.887  	307.653	1.05999  	1007.46
177	25    	342.483  	256.45 	14.9576  	991.037
178	25    	303.969  	280.708	19.6828  	1003.88
179	25    	336.98   	267.142	21.7153  	992.326
180	25    	306.933  	213.657	14.6344  	1004.72
181	25    	349.225  	324.183	-10.0221 	1011.46
182	25    	243.44   	129.09 	17.2874  	517.291
183	25    	307.447  	203.854	19.624   	924.481
184	25    	401.56   	286.094	36.4959  	984.278
185	25    	229.648  	164.134	-5.46724 	571.757
186	25    	205.069  	132.433	-10.5685 	561.584
187	25    	308.711  	253.494	37.6906  	973.38 
188	25    	258.507  	231.068	2.74624  	919.802
189	25    	286.001  	205.332	15.8413  	775.919
190	25    	310.447  	256.149	7.48552  	1018.8 
191	25    	335.482  	209.221	-5.12702 	940.662
192	25    	387.661  	278.739	22.7579  	1009.13
193	25    	353.347  	275.071	41.3696  	990.203
194	25    	510.401  	355.789	5.22227  	1033.01
195	25    	548.064  	348.593	42.9952  	1019.06
196	25    	458.152  	345.294	12.587   	992.665
197	25    	498.185  	362.214	-36.7983 	1029.4 
198	25    	553.34   	328.328	45.0966  	994.733
199	25    	594.802  	325.979	85.5011  	1079.48
200	25    	525.179  	365.249	5.93244  	1058.13
201	25    	527.839  	371.189	-11.7857 	1061.73
202	25    	402.613  	361.733	-3.79474 	1056.21
203	25    	457.916  	356.586	11.815   	1039.63
204	25    	414.591  	347.387	5.30556  	1041.73
205	25    	559.129  	327.24 	49.2877  	1038.01
206	25    	403.641  	317.874	-0.68694 	1070.4 
207	25    	523.65   	346.564	-6.85364 	1015.94
208	25    	481.539  	399.881	-33.1394 	1054.08
209	25    	441.642  	364.235	11.3766  	1048.5 
210	25    	581.167  	351.557	49.7062  	1032.29
211	25    	592.3    	350.621	68.5718  	1031.73
212	25    	651.967  	352.594	130.09   	1039.93
213	25    	529.613  	417.408	-9.95601 	1050.05
214	25    	471.292  	362.018	55.7641  	1043.91
215	25    	565.705  	360.806	49.0149  	1097.35
216	25    	493.316  	343.451	43.8598  	1038.77
217	25    	402.07   	295.923	11.7298  	1071.06
218	25    	478.626  	396.675	26.9442  	1041.14
219	25    	597.187  	399.821	32.6205  	1041.88
220	25    	765.967  	327.621	111.834  	1069.18
221	25    	446.366  	378.195	22.9991  	1047.06
222	25    	337.808  	315.783	-9.45375 	1069.37
223	25    	540.121  	350.987	-8.18665 	1050.85
224	25    	475.948  	368.321	6.42299  	1034.8 
225	25    	434.157  	322.076	6.93862  	1038.55
226	25    	415.246  	338.262	30.9956  	1088.11
227	25    	507.062  	357.287	50.7281  	1047.08
228	25    	639.136  	370.488	11.2901  	1070.32
229	25    	520.07   	435.318	28.9867  	1072.19
230	25    	381.334  	288.36 	58.5531  	1097.69
231	25    	431.25   	348.619	43.5731  	1086.07
232	25    	609.053  	353.271	148.114  	1064.31
233	25    	496.578  	382.907	3.75428  	1040.61
234	25    	599.253  	409.557	7.41667  	1075.87
235	25    	567.926  	374.13 	63.1026  	1092.71
236	25    	653.133  	376.147	44.7501  	1067.88
237	25    	633.832  	331.793	7.80301  	1060.15
238	25    	756.773  	373.516	45.2962  	1071.96
239	25    	875.133  	285.975	251.466  	1101.79
240	25    	573.825  	377.901	-5.22575 	1062.01
241	25    	567.381  	410.059	27.2342  	1063.58
242	25    	567.642  	401.391	30.0851  	1095.45
243	25    	556.091  	361.575	50.808   	1053.08
244	25    	648.339  	396.589	58.2776  	1070.11
245	25    	655.806  	375.376	19.2757  	1036.68
246	25    	617.609  	360.489	230.294  	1064.04
247	25    	675.142  	401.574	24.7213  	1111.18
248	25    	789.352  	348.312	133.348  	1067.07
249	25    	508.979  	399.794	46.515   	1062.36
250	25    	400.413  	359.396	9.77127  	1075.83
251	25    	486.572  	380.991	10.3743  	1040.24
252	25    	706.671  	389.566	22.7493  	1073.68
253	25    	828.509  	311.785	203.624  	1086.64
254	25    	708.189  	408.237	3.26824  	1133.06
255	25    	634.566  	426.591	3.92723  	1074.04
256	25    	761.212  	377.617	111.863  	1085.38
257	25    	848.662  	347.696	105.86   	1076.38
258	25    	846.716  	338.144	168.283  	1098.62
259	25    	623.438  	426.112	16.4115  	1101.64
260	25    	643.357  	447.674	34.833   	1131.3 
261	25    	762.584  	400.236	25.0628  	1078.19
262	25    	738.063  	432.524	-29.8766 	1097.2 
263	25    	480.749  	388.838	41.2471  	1061.17
264	25    	795.804  	371.317	57.2109  	1082.42
265	25    	577.277  	399.405	32.4613  	1068.3 
266	25    	519.048  	395.992	71.7099  	1063.41
267	25    	600.157  	390.1  	87.0913  	1070.87
268	25    	530.95   	424.761	19.6119  	1071.48
269	25    	561.003  	417.725	34.3291  	1058.9 
270	25    	503.691  	407.356	27.4142  	1077.97
271	25    	661.003  	412.018	-2.91761 	1094.19
272	25    	710.467  	408.998	17.6708  	1086.39
273	25    	723.768  	399.677	29.6055  	1073.39
274	25    	700.957  	396.067	10.6032  	1091.39
275	25    	759.394  	404.371	-43.5333 	1174.37
276	25    	812.251  	347.181	22.2447  	1089.34
277	25    	816.631  	342.066	167.567  	1100.36
278	25    	915.362  	310.279	133.273  	1081.21
279	25    	837.072  	353.904	124.476  	1099.22
280	25    	773.923  	382.873	-31.8852 	1098.17
281	25    	872.977  	343.53 	117.716  	1118.78
282	25    	757.575  	379.032	49.977   	1083.42
283	25    	691.343  	424.062	9.99424  	1072.41
284	25    	533.079  	435.281	19.9097  	1083.1 
285	25    	564.785  	439.29 	-21.6789 	1095.62
286	25    	739.366  	409.738	2.84758  	1096.43
287	25    	619.891  	425.059	30.5144  	1088.57
288	25    	820.419  	332.632	220.809  	1080.56
289	25    	824.529  	380.62 	-6.61004 	1072.42
290	25    	783.621  	387.349	87.1103  	1089.24
291	25    	870.971  	369.248	30.711   	1089.03
292	25    	767.496  	414.897	12.8582  	1104.61
293	25    	441.873  	430.331	7.44196  	1079.57
294	25    	464.132  	459.374	-8.10049 	1091.41
295	25    	565.453  	432.561	4.99083  	1075.59
296	25    	337.937  	376.517	-7.12493 	1061.75
297	25    	700.022  	447.88 	6.19939  	1087.87
298	25    	591.433  	490.897	-23.6017 	1083.2 
299	25    	612.698  	461.407	10.4554  	1092.03
300	25    	616.978  	445.25 	5.08695  	1081.63
301	25    	732.476  	413.608	61.7152  	1090.92
302	25    	578.493  	447.046	-0.379778	1088.89
303	25    	629.146  	415.389	17.6723  	1085.43
304	25    	782.85   	405.285	79.5987  	1087.62
305	25    	717.832  	432.662	16.8591  	1089.09
306	25    	657.278  	458.767	14.1783  	1085.33
307	25    	629.121  	428.641	80.3778  	1086.42
308	25    	727.531  	421.605	75.6754  	1091.12
309	25    	797.058  	391.154	5.33291  	1083.52
310	25    	787.654  	407.308	29.835   	1083.52
311	25    	647.56   	414.381	15.3059  	1097.54
312	25    	741.971  	412.51 	46.3767  	1099.51
313	25    	644.208  	404.726	9.87074  	1081.39
314	25    	600.996  	456.842	43.2836  	1182.28
315	25    	637.43   	445.875	9.44412  	1096.44
316	25    	734.039  	382.909	86.4273  	1156.49
317	25    	664.056  	430.523	6.00414  	1088.11
318	25    	592.45   	433.571	6.61951  	1084.05
319	25    	580.173  	421.472	24.3932  	1112.46
320	25    	707.359  	424.662	75.7245  	1092.5 
321	25    	645.303  	440.833	26.9829  	1161.14
322	25    	742.893  	423.896	31.7011  	1095.95
323	25    	799.02   	380.306	42.2765  	1134.8 
324	25    	662.732  	425.957	41.1171  	1127.96
325	25    	739.264  	405.835	34.8622  	1133.16
326	25    	537.77   	427.351	9.07723  	1080.42
327	25    	598.43   	448.036	5.08812  	1138.74
328	25    	652.985  	422.916	3.82906  	1079.54
329	25    	677.072  	455.288	-1.84847 	1089.53
330	25    	784.192  	420.72 	-2.49477 	1129.25
331	25    	702.149  	407.516	-6.20906 	1083.15
332	25    	888.881  	315.035	156.668  	1083.94
333	25    	687.384  	435.615	6.13464  	1111.29
334	25    	686.053  	426.242	23.6332  	1082.78
335	25    	564.472  	437.079	5.90937  	1086.43
336	25    	575.91   	445.924	26.9336  	1083.45
337	25    	558.877  	454.955	31.9585  	1103.65
338	25    	517.089  	414.477	-11.0533 	1079.13
339	25    	809.722  	418.557	38.0193  	1093.93
340	25    	553.62   	433.568	25.9355  	1084.68
341	25    	475.969  	446.969	37.9379  	1085.4 
342	25    	704.15   	439.727	-0.607925	1083.62
343	25    	611.342  	448.427	-2.5048  	1083.92
344	25    	541.294  	447.425	-0.616622	1085.2 
345	25    	708.835  	438.202	59.2341  	1093.82
346	25    	532.429  	458.249	3.16007  	1089.93
347	25    	519.499  	482.462	1.56609  	1088.8 
348	25    	679.299  	466.264	2.93351  	1088   
349	25    	519.448  	459.124	-7.61631 	1084.75
350	25    	753.027  	454.478	12.1327  	1088.98
351	25    	687.941  	469.999	9.04832  	1117.46
352	25    	754.36   	441.869	-0.231186	1079.54
353	25    	713.396  	439.117	25.5265  	1082.23
354	25    	583.281  	471.543	1.90594  	1085.09
355	25    	540.15   	469.071	-1.9387  	1096.11
356	25    	552.918  	453.382	4.32491  	1084.64
357	25    	567.555  	435.559	33.4587  	1086.12
358	25    	652.162  	471.05 	5.6259   	1090.46
359	25    	699.817  	453.483	12.1725  	1082.74
360	25    	727.987  	435.469	-1.54042 	1083.14
361	25    	693.883  	461.25 	7.9384   	1082.78
362	25    	595.424  	468.981	7.96838  	1093.28
363	25    	665.167  	446.176	-3.76334 	1084.67
364	25    	708.666  	462.603	-5.17962 	1080.7 
365	25    	849.147  	401.885	11.9464  	1099.03
366	25    	634.937  	492.577	2.03697  	1086.65
367	25    	544.736  	476.56 	-1.48792 	1085.2 
368	25    	828.538  	433.563	15.6426  	1087.19
369	25    	470.735  	498.194	-3.74201 	1085.53
370	25    	759.058  	463.981	8.74795  	1097.08
371	25    	527.471  	494.237	7.56056  	1089.45
372	25    	760.48   	455.911	-1.08785 	1087.71
373	25    	572.955  	486.404	1.39531  	1085.7 
374	25    	728.658  	450.729	1.44661  	1086.73
375	25    	502.263  	506.393	5.20505  	1085.31
376	25    	750.773  	469.348	18.6737  	1092.91
377	25    	547.102  	472.356	19.3422  	1084.57
378	25    	566.919  	494.986	-1.96442 	1095.37
379	25    	632.826  	463.243	28.2593  	1087.12
380	25    	620.1    	478.5  	6.63879  	1094.01
381	25    	706.693  	451.044	-14.7184 	1107.56
382	25    	699.01   	446.414	3.46654  	1089.71
383	25    	599.165  	458.946	34.816   	1085.47
384	25    	738.317  	452.034	6.31039  	1101.02
385	25    	688.099  	436.299	105.22   	1091.76
386	25    	658.151  	474.404	7.57565  	1096.6 
387	25    	584.4    	477.348	7.71415  	1096.11
388	25    	786.151  	423.373	29.1632  	1110.55
389	25    	562.732  	473.378	11.9689  	1085.73
390	25    	652.884  	437.292	26.8853  	1089.84
391	25    	710.005  	439.09 	6.51954  	1088.94
392	25    	928.988  	316.914	20.6766  	1097.08
393	25    	709.953  	431.566	13.0471  	1114.51
394	25    	898.257  	349.202	15.4003  	1095.37
395	25    	797.07   	411.472	32.4237  	1100.28
396	25    	752.577  	436.293	30.5486  	1097.43
397	25    	706.838  	460.264	32.0486  	1096.48
398	25    	593.814  	438.912	4.2315   	1092.6 
399	25    	737.104  	431.065	6.81306  	1086.82
400	25    	793.831  	385.734	90.2366  	1091.36
401	25    	744.824  	449.967	35.2452  	1090.85
402	25    	833.568  	395.527	4.92881  	1091.33
403	25    	801.445  	402.063	120.608  	1106.49
404	25    	665.494  	434.849	-24.4519 	1122   
405	25    	749.169  	440.148	18.4889  	1103.71
406	25    	655.738  	482.583	-1.6172  	1102.71
407	25    	648.392  	475.287	37.3432  	1109.18
408	25    	871.328  	382.064	30.6118  	1118.75
409	25    	757.479  	462.799	10.9127  	1095.11
410	25    	340.821  	397.019	13.1127  	1103.88
411	25    	637.984  	491.944	6.04918  	1116.88
412	25    	734.838  	426.414	31.3936  	1114.16
413	25    	476.776  	415.754	21.9191  	1083.29
414	25    	541.82   	477.929	-1.2973  	1088.98
415	25    	505.168  	453.167	22.2659  	1107.34
416	25    	265.828  	373.213	-6.56511 	1096.5 
417	25    	540.117  	475.389	-13.9916 	1091.83
418	25    	810.577  	376.322	154.384  	1117.98
419	25    	544.519  	489.235	-13.6411 	1147.67
420	25    	747.122  	422.168	26.0607  	1096.1 
421	25    	655.822  	454.761	-7.60623 	1097.64
422	25    	731.37   	437.358	12.1868  	1101.77
423	25    	582.015  	442.38 	43.6941  	1092.02
424	25    	584.596  	465.808	24.5061  	1099.77
425	25    	538.222  	437.027	42.5966  	1093.53
426	25    	621.019  	450.091	29.6942  	1094.69
427	25    	512.737  	436.105	57.4771  	1096.29
428	25    	734.149  	425.211	-1.58108 	1085.27
429	25    	568.593  	461.025	6.33957  	1103.87
430	25    	610.485  	453.032	-5.05257 	1098.46
431	25    	661.258  	440.595	-8.60409 	1086.25
432	25    	406.912  	474.036	-34.9235 	1114.89
433	25    	497.246  	449.219	-56.1321 	1096.13
434	25    	534.912  	471.962	-3.84126 	1088.27
435	25    	351.636  	389.814	-14.9174 	1088.29
436	25    	623.719  	440.417	-2.6765  	1107.2 
437	25    	581.232  	456.394	-31.4737 	1117.08
438	25    	530.838  	431.332	-24.0288 	1144.31
439	25    	659.002  	445.237	42.0364  	1095.52
440	25    	750.772  	447.752	52.2089  	1102.24
441	25    	668.096  	472.481	-27.0403 	1132.18
442	25    	841.504  	417.929	-2.97215 	1088.16
443	25    	625.103  	439.927	13.3504  	1089.93
444	25    	780.622  	405.827	48.4002  	1092.53
445	25    	669.163  	433.909	114.44   	1103.46
446	25    	781.21   	437.186	-14.1884 	1106.94
447	25    	715.694  	455.978	71.9413  	1098.4 
448	25    	752.829  	451.374	9.01116  	1104.5 
449	25    	901.042  	351.097	27.0377  	1094.94
450	25    	715.162  	459.498	-0.600203	1101.63
451	25    	832.462  	398.911	1.37461  	1114.36
452	25    	679.961  	453.28 	45.7291  	1094.66
453	25    	725.568  	467.986	-5.53378 	1090.26
454	25    	579.894  	450.323	9.48368  	1098.59
455	25    	634.507  	443.836	12.6797  	1109.01
456	25    	596.563  	436.815	30.8204  	1095.24
457	25    	678.419  	462.483	-7.82662 	1114.87
458	25    	608.46   	475.342	-9.1888  	1101.28
459	25    	838.698  	438.328	-25.7611 	1097.43
460	25    	517.424  	449.376	1.70696  	1100   
461	25    	633.734  	471.521	5.31817  	1099.6 
462	25    	665.632  	437.338	5.84579  	1097.35
463	25    	573.289  	494.691	-8.22595 	1093.31
464	25    	538.817  	493.747	-3.06856 	1119.24
465	25    	653.068  	431.083	5.7453   	1107.38
466	25    	742      	420.377	107.1    	1093.61
467	25    	656.575  	446.393	-11.1413 	1092.06
468	25    	709.977  	462.511	-6.0718  	1097.14
469	25    	669.853  	468.228	6.05673  	1093.01
470	25    	793.628  	428.513	-3.43194 	1105.76
471	25    	730.94   	473.383	-47.4043 	1103.11
472	25    	654.143  	496.042	-14.3215 	1106.93
473	25    	518.907  	508.653	-20.5794 	1118.31
474	25    	632.072  	479.293	-26.6155 	1100.39
475	25    	785.212  	440.352	-0.339541	1103.13
476	25    	708.991  	457.358	-3.24595 	1113.29
477	25    	732.277  	432.923	4.45595  	1094.71
478	25    	760.913  	439.898	0.203202 	1102   
479	25    	603.51   	472.084	-7.1061  	1095.91
480	25    	483.168  	453.936	-14.8046 	1092.87
481	25    	754.75   	438.321	8.20141  	1094.78
482	25    	762.598  	439.323	-25.7693 	1099.84
483	25    	800.385  	416.134	4.19601  	1099.53
484	25    	598.525  	443.183	47.5883  	1094.73
485	25    	499.785  	448.929	1.62172  	1114.46
486	25    	632.765  	439.604	107.552  	1096.87
487	25    	597.426  	443.156	-1.21575 	1096.88
488	25    	941.384  	340.351	24.3296  	1110.9 
489	25    	661.509  	460.14 	-1.09175 	1120   
490	25    	444.355  	406.25 	-11.618  	1105.71
491	25    	552.853  	481.399	-19.8681 	1108.64
492	25    	789.984  	447.145	2.37383  	1110.36
493	25    	802.423  	432.997	12.538   	1141.71
494	25    	832.25   	416.286	-0.140715	1107.53
495	25    	571.057  	474.452	-8.63812 	1113.1 
496	25    	809.82   	414.179	4.28216  	1103.64
497	25    	579.995  	463.378	67.9284  	1139.66
498	25    	492.287  	428.63 	-1.1793  	1122.12
499	25    	843.037  	383.251	56.0594  	1119.26
500	25    	609.967  	446.628	1.89399  	1113.82
501	25    	718.864  	430.132	89.5119  	1125.69
502	25    	570.052  	462.868	-5.8498  	1189.34
503	25    	636.5    	488.372	6.62541  	1126.39
504	25    	543.864  	418.326	59.0842  	1109.96
505	25    	589.915  	443.105	0.821257 	1137.62
506	25    	521.273  	447.121	12.5534  	1131.83
507	25    	584.615  	437.186	-0.966832	1116.69
508	25    	570.009  	474.015	21.2223  	1172.61
509	25    	626.102  	470.705	1.75207  	1145.41
510	25    	636.652  	454.011	1.70056  	1251.69
511	25    	734.384  	443.079	0.956993 	1118.31
512	25    	473.811  	426.75 	-2.65217 	1143.71
513	25    	632.509  	438.959	-7.97489 	1133.32
514	25    	545.318  	458.33 	28.14    	1116.95
515	25    	651.652  	471.586	15.6482  	1129.33
516	25    	392.262  	413.058	-10.1789 	1121.86
517	25    	646.333  	443.771	-6.53536 	1135.18
518	25    	643.889  	434.396	-3.56362 	1137.66
519	25    	700.527  	418.275	4.70997  	1098.3 
520	25    	535.253  	461.35 	1.3055   	1093.01
521	25    	560.681  	446.684	-9.8346  	1108.73
522	25    	573.48   	468.934	-6.97682 	1099.67
523	25    	441.473  	452.983	-3.74032 	1097.51
524	25    	523.437  	432.594	6.2285   	1099.47
525	25    	717.107  	427.364	37.5171  	1100.95
526	25    	759.112  	445.014	-0.751437	1103.9 
527	25    	583.055  	431.774	-1.58693 	1124.61
528	25    	925.491  	356.808	5.39996  	1121.29
529	25    	714.999  	444.542	16.4986  	1115.72
530	25    	610.007  	449.013	-1.37914 	1212.66
531	25    	654.06   	415.221	-2.09096 	1135.5 
532	25    	676.774  	362.237	4.98436  	1143.06
533	25    	542.242  	476.348	-9.46816 	1108.05
534	25    	726.952  	416.303	17.9367  	1105.89
535	25    	715.084  	443.217	1.78026  	1130.64
536	25    	949.317  	350.62 	-2.67967 	1305.64
537	25    	636.367  	463.11 	-1.92358 	1242.79
538	25    	811.411  	356.751	80.4678  	1098.62
539	25    	848.906  	351.445	116.07   	1290.48
540	25    	725.134  	420.877	1.00736  	1128.03
541	25    	851.066  	367.537	60.9858  	1134.41
542	25    	798.512  	386.243	4.53326  	1166.13
543	25    	856.921  	342.685	205.237  	1128.35
544	25    	793.94   	415.802	-1.7863  	1293.76
545	25    	765.651  	425.802	0.116699 	1105.02
546	25    	880.288  	388.221	16.4427  	1119.85
547	25    	641.291  	474.635	-0.800536	1115.12
548	25    	717.143  	472.088	-3.59547 	1142.94
549	25    	748.043  	472.55 	-17.5338 	1167.32
550	25    	759.988  	411.586	99.737   	1242.44
551	25    	751.472  	412.924	124.302  	1206.8 
552	25    	722.138  	468.36 	-6.09341 	1311.74
553	25    	853.188  	385.114	-0.86859 	1254.21
554	25    	789.263  	421.598	5.51863  	1330.29
555	25    	700.744  	471.601	-2.55136 	1300.07
556	25    	877.746  	379.912	194.861  	1407.97
557	25    	617.235  	478.204	-0.310775	1388.16
558	25    	620.619  	477.819	-0.647381	1382.51
559	25    	814.317  	452.673	88.3041  	1377.09
560	25    	650.957  	493.645	-10.1626 	1287.77
561	25    	848.811  	480.893	-1.51225 	1330.91
562	25    	561.621  	469.801	-4.28718 	1298.99
563	25    	805.872  	412.04 	42.6578  	1293.45
564	25    	842.079  	429.589	-7.94187 	1280.61
565	25    	719.703  	433.574	-3.49971 	1319.62
566	25    	734.321  	463.448	-0.0417555	1299.54
567	25    	844.581  	387.584	44.0241   	1290   
568	25    	632.461  	440.816	-2.60756  	1172.13
569	25    	764.01   	432.689	9.60002   	1326.3 
570	25    	676.627  	514.034	-1.25057  	1328.91
571	25    	584.279  	486.318	-3.8862   	1338.85
572	25    	626.465  	470.093	1.33199   	1321.23
573	25    	712.168  	394.185	63.249    	1360.38
574	25    	670.211  	431.801	-17.9745  	1312.92
575	25    	654.669  	452.783	-3.252    	1364.86
576	25    	555.493  	464.605	1.38068   	1259.5 
577	25    	559.98   	489.133	-9.23136  	1334.51
578	25    	645.183  	496.817	27.6741   	1355.72
579	25    	665.333  	481.173	1.24573   	1322.36
580	25    	579.154  	401.09 	-0.269839 	1366.03
581	25    	708.5    	450.367	70.1405   	1356.43
582	25    	883.56   	483.747	-3.46145  	1375.75
583	25    	869.505  	413.675	-0.178026 	1315.78
584	25    	943.542  	379.139	82.086    	1366.71
585	25    	789.342  	416.837	19.1352   	1322.76
586	25    	836.5    	361.783	143.569   	1332.09
587	25    	986.948  	351.781	172.103   	1325.8 
588	25    	835.392  	430.807	108.019   	1358.7 
589	25    	860.973  	415.156	215.613   	1392.12
590	25    	737.34   	483.675	-5.32642  	1323.85
591	25    	685.829  	478.387	-8.92317  	1289.11
592	25    	669.736  	522.147	-10.4689  	1346.18
593	25    	861.509  	459.146	-2.19783  	1313.68
594	25    	719.103  	479.579	-6.93582  	1294.13
595	25    	741.22   	429.585	-2.00068  	1303.12
596	25    	610.433  	453.574	-15.4185  	1264.2 
597	25    	815.128  	515.292	-6.62212  	1352.77
598	25    	684.849  	399.039	-2.65499  	1264.19
599	25    	627.918  	467.205	-12.3463  	1299.62
600	25    	654.807  	480.232	-12.864   	1321.6 
601	25    	923.591  	446.401	-4.42989  	1308.27
602	25    	846.174  	438.236	-5.58656  	1312.71
603	25    	860.831  	431.43 	29.293    	1359.56
604	25    	808.743  	405.164	-5.09246  	1293.63
605	25    	806.614  	451.399	-11.0988  	1300.46
606	25    	934.644  	351.621	181.61    	1323.52
607	25    	848.088  	411.99 	64.4054   	1299.83
608	25    	872.323  	384.303	17.1077   	1288.5 
609	25    	894.504  	402.04 	43.866    	1324.18
610	25    	894.627  	407.883	26.1864   	1350.38
611	25    	1073.32  	295.351	-0.0142708	1344.26
612	25    	886.559  	443.209	-2.86195  	1297.6 
613	25    	955.435  	435.808	17.1731   	1357.11
614	25    	879.794  	528.762	7.89001   	1340.09
615	25    	769.836  	571.11 	3.3246    	1341.25
616	25    	1034.8   	426.958	68.5535   	1359.53
617	25    	774.733  	553.274	-9.98743  	1362.79
618	25    	986.517  	371.159	-2.40756  	1290.6 
619	25    	1011.19  	410.366	13.9212   	1341.64
620	25    	995.014  	395.863	116.449   	1360.15
621	25    	880.433  	500.374	-2.46136  	1395.95
622	25    	920.43   	492.444	14.3925   	1397.6 
623	25    	874.203  	472.034	-11.3471  	1350.15
624	25    	828.676  	500.321	-6.54562  	1366.24
625	25    	838.032  	550.294	-7.64497  	1359.59
626	25    	855.784  	485.026	2.00844   	1359.83
627	25    	881.011  	499.398	-12.8661  	1379.9 
628	25    	963.82   	456.021	-14.0492  	1362.63
629	25    	893.009  	491.159	-2.51901  	1390.98
630	25    	1088.62  	373.131	1.21657   	1368.36
631	25    	810.36   	493.311	-3.34667  	1333.53
632	25    	849.056  	499.468	10.6779   	1359.48
633	25    	829.513  	537.498	1.6712    	1380.07
634	25    	851.824  	515.182	-7.2851   	1390.45
635	25    	693.374  	611.018	-22.2841  	1361.42
636	25    	693.347  	594.78 	-12.9045  	1402   
637	25    	786.988  	594.835	-8.13945  	1369.42
638	25    	1029.26  	454.376	2.724     	1375.76
639	25    	865.42   	545.817	4.09388   	1400.68
640	25    	791.608  	528.401	1.06381   	1415.77
641	25    	611.906  	554.574	-9.74442  	1391.71
642	25    	847.15   	404.086	63.062    	1355.43
643	25    	729.756  	427.158	-11.7001  	1353.74
644	25    	751.301  	517.476	-5.36347  	1379.86
645	25    	817.343  	500.579	15.6345   	1403.22
646	25    	877.248  	522.427	-1.67762  	1410.76
647	25    	940.294  	495.071	66.5121   	1397.24
648	25    	1129.22  	453.095	14.1331   	1468.92
649	25    	1038.5   	518.115	87.8194   	1449.24
650	25    	1081.46  	474.833	37.2921   	1421.05
651	25    	1072.15  	513.447	7.38377   	1453.86
652	25    	1133.13  	420.282	16.806    	1424.33
653	25    	1038.57  	454.173	6.61469   	1436.04
654	25    	949.211  	473.36 	5.53895   	1425.46
655	25    	948.523  	567.846	-4.23016  	1442.8 
656	25    	970.619  	442.673	12.2099   	1385.35
657	25    	1109.21  	467.885	4.77119   	1414.74
658	25    	975.595  	509.118	-12.1037  	1456.11
659	25    	1021.65  	435.202	-7.80941  	1405.43
660	25    	1217.42  	317.601	-7.19306  	1432.79
661	25    	1110.46  	386.37 	-0.351754 	1450.49
662	25    	1006.77  	468.489	-14.5179  	1443.07
663	25    	1070.14  	433.388	-23.471   	1440.62
664	25    	914.155  	571.638	-2.65343  	1444.08
665	25    	1139.43  	419.228	6.79875   	1446.69
666	25    	974.109  	559.061	-4.98224  	1451.43
667	25    	1082.1   	428.457	-6.03593  	1444.83
668	25    	1220.39  	209.678	474.61    	1434.45
669	25    	1100.21  	422.405	20.1078   	1436.35
670	25    	840.273  	539.404	-2.93549  	1443.97
671	25    	921.94   	556.693	-10.113   	1452.05
672	25    	912.41   	545.305	0.430567  	1464.39
673	25    	951.067  	532.638	6.04631   	1441.69
674	25    	1013.48  	461.573	-7.65842  	1445.99
675	25    	839.43   	580.602	-10.8394  	1426.41
676	25    	894.635  	543.661	-6.45251  	1447.81
677	25    	844.174  	506.311	-1.7447   	1447.84
678	25    	1023.36  	478.974	5.31877   	1445.12
679	25    	1064.26  	426.332	-1.92005  	1429.72
680	25    	1097.12  	350.069	-16.3126  	1429.83
681	25    	1068.55  	392.044	58.5566   	1420.47
682	25    	979.409  	516.85 	-20.0139  	1419.82
683	25    	1134.5   	350.252	25.641    	1433.78
684	25    	1092.9   	382.795	108.709   	1450.69
685	25    	862.175  	577.372	-11.766   	1442.1 
686	25    	918.734  	538.933	-7.91047  	1451.88
687	25    	1175.93  	371.02 	-2.54194  	1446.46
688	25    	1017.51  	527.415	-11.2361  	1443.94
689	25    	852.21   	578.411	-10.2211  	1471.75
690	25    	1077.77  	469.57 	18.1648   	1448.44
691	25    	816.85   	554.125	-18.8759  	1434.57
692	25    	836.309  	527.238	-0.83593  	1425.62
693	25    	1039.08  	381.005	4.44919   	1402.66
694	25    	982.649  	430.24 	68.397    	1458.44
695	25    	834.755  	579.977	-9.09211  	1470.8 
696	25    	962.45   	531.119	-1.71414  	1445.34
697	25    	894.052  	571.821	-5.06397  	1455.77
698	25    	739.538  	586.184	-7.53564  	1452.57
699	25    	862.575  	612.486	-13.5722  	1474.83
700	25    	787.556  	584.926	-9.90035  	1456.44
701	25    	1163.07  	419.289	12.1131   	1459.59
702	25    	1112.55  	393.454	29.3308   	1462.95
703	25    	976.361  	481.746	-8.13262  	1428.81
704	25    	927.963  	491.619	19.2649   	1445.01
705	25    	1052.54  	509.674	1.29247   	1458.78
706	25    	968.051  	531.543	2.11721   	1445.47
707	25    	942.49   	481.575	-22.1948  	1443.03
708	25    	886.252  	577.178	-3.80241  	1445.26
709	25    	1022.36  	514.653	4.11835   	1468.04
710	25    	1082.02  	451.776	-1.26976  	1441.97
711	25    	1027.45  	441.559	8.88795   	1467.01
712	25    	1025.17  	526.254	-5.03612  	1461.83
713	25    	911.398  	513.388	-8.63394  	1422.17
714	25    	1067.37  	423.324	4.30195   	1423.71
715	25    	998.684  	530.461	-7.14516  	1447.48
716	25    	921.114  	557.443	-5.27071  	1460.89
717	25    	872.989  	503.892	1.45994   	1439.72
718	25    	1021.55  	438.115	-6.00458  	1446.49
719	25    	880.938  	574.813	-5.41558  	1455.81
720	25    	999.212  	503.113	-6.78015  	1443.22
721	25    	845.256  	556.831	0.382957  	1455.61
722	25    	875.553  	615.88 	-1.75564  	1437.8 
723	25    	808.486  	495.638	-4.5957   	1469.06
724	25    	868.067  	611.949	-6.72427  	1454.09
725	25    	891.319  	573.539	-4.61601  	1445.48
726	25    	698.99   	562.697	-6.24787  	1427.55
727	25    	744.707  	569.998	-10.4623  	1434.93
728	25    	879.201  	535.829	-7.70543  	1434.8 
729	25    	766.229  	554.651	0.0497949 	1412.12
730	25    	634.436  	588.04 	-5.50846  	1434.18
731	25    	908.067  	535.452	-3.87869  	1452.46
732	25    	813.779  	494.456	2.87636   	1402.98
733	25    	1083.19  	424.413	16.6009   	1432.57
734	25    	969.746  	424.087	3.0443    	1425.53
735	25    	1024.85  	422.101	9.45165   	1416.94
736	25    	944.101  	479.37 	-7.30224  	1431.57
737	25    	966.842  	413.084	18.691    	1427.3 
738	25    	1014.4   	449.477	45.5978   	1444.35
739	25    	1015.86  	423.057	7.75604   	1444.85
740	25    	874.818  	537.16 	-8.41793  	1441.71
741	25    	1088.16  	455.006	0.341888  	1455.8 
742	25    	988.29   	532.651	-5.33625  	1415.79
743	25    	881.624  	519.691	-7.89102  	1429.57
744	25    	989.002  	459.874	-2.53767  	1450.96
745	25    	1004.12  	451.628	-5.59585  	1428.85
746	25    	759.162  	605.829	2.10268   	1433.92
747	25    	978.593  	432.051	1.00138   	1442.28
748	25    	934.331  	554.148	-7.42073  	1475.78
749	25    	904.491  	536.872	-11.1104  	1449.58
750	25    	1091.07  	472.249	3.31758   	1456.35
751	25    	1094.26  	368.638	1.36961   	1456.18
752	25    	924.217  	466.689	-0.850718 	1424.08
753	25    	1042.7   	438.933	-5.60113  	1430.6 
754	25    	1018.7   	429.748	-4.47895  	1429.69
755	25    	941.765  	507.902	-6.63655  	1440.98
756	25    	995.291  	472.196	-2.7168   	1422.77
757	25    	1068.51  	419.336	3.78451   	1447.62
758	25    	933.455  	503.074	-2.49391  	1477.54
759	25    	1086.97  	382.438	-3.28341  	1447.99
760	25    	1085.68  	476.066	-3.48375  	1461.21
761	25    	1040.52  	471.436	-7.27618  	1460.07
762	25    	1032.94  	487.184	-1.87963  	1471.8 
763	25    	686.941  	562.918	-7.33682  	1439.73
764	25    	834.186  	518.862	-12.1407  	1444.73
765	25    	803.617  	606.783	-8.63971  	1483.31
766	25    	1003.8   	491.724	-4.42265  	1472.99
767	25    	933.512  	548.274	-1.88134  	1482.71
768	25    	911.891  	451.042	-1.07215  	1472.66
769	25    	1034.73  	446.304	-4.24465  	1471.62
770	25    	750.574  	582.709	-3.68234  	1480   
771	25    	601.92   	561.719	-11.0494  	1446.38
772	25    	891.998  	494.551	-6.01542  	1444.16
773	25    	789.068  	582.14 	-10.2649  	1452.15
774	25    	1012.47  	505.531	-6.19561  	1460.63
775	25    	1087.28  	433.777	35.2478   	1478.58
776	25    	818.805  	540.465	0.306441  	1475.47
777	25    	1149.16  	421.681	2.97143   	1472.43
778	25    	998.125  	449.682	-6.33348  	1464.62
779	25    	954.557  	487.819	6.64973   	1450.45
780	25    	1212.11  	328.58 	327.839   	1468.85
781	25    	1050.59  	469.509	-2.1318   	1447.46
782	25    	849.059  	545.395	-5.19096  	1441.84
783	25    	833.701  	499.407	4.27476   	1447.37
784	25    	854.751  	595.544	-11.3898  	1464.63
785	25    	1018.66  	517.267	-12.1452  	1445.53
786	25    	995.989  	489.93 	-0.951328 	1422.25
787	25    	741.531  	549.916	10.1102   	1434.55
788	25    	852.402  	559.591	-4.7613   	1456.57
789	25    	1035.73  	467.854	-6.80915  	1418.7 
790	25    	887.515  	569.391	-1.25206  	1468.08
791	25    	1007.78  	533.664	1.62475   	1469.28
792	25    	1085.86  	520.925	2.89839   	1460.01
793	25    	1036.26  	485.805	-2.77552  	1485.74
794	25    	941.942  	506.115	7.27209   	1476.31
795	25    	1050.99  	432.223	-5.48647  	1470.11
796	25    	1099.95  	381.745	8.09665   	1452.59
797	25    	1159.21  	399.63 	67.8017   	1473.71
798	25    	1053.02  	426.696	-4.41173  	1465.21
799	25    	1195.43  	348.48 	472.48    	1448.38
800	25    	1205.31  	318.442	359.146   	1450.33
801	25    	1336.29  	139.875	1086.3    	1477.72
802	25    	1174.68  	421.35 	8.14471   	1463.92
803	25    	1081.3   	416.503	267.759   	1465.52
804	25    	1053.68  	439.135	-5.57924  	1465   
805	25    	1143.07  	305.636	-4.81116  	1431.91
806	25    	1117.81  	407.01 	110.541   	1472.17
807	25    	1185.48  	392.603	0.81926   	1464.62
808	25    	1012.19  	476.343	-9.1519   	1457.94
809	25    	1223.17  	257.424	459.369   	1477.23
810	25    	1204.21  	204.467	525.675   	1462.51
811	25    	1043.11  	452.425	28.1211   	1477.92
812	25    	1017.34  	400.514	135.851   	1463.37
813	25    	1057.92  	447.724	-0.888489 	1460.25
814	25    	971.881  	498.137	5.63962   	1487.59
815	25    	1055.93  	430.524	145.986   	1486.29
816	25    	1147.88  	374.61 	455.279   	1462.47
817	25    	1077.3   	425.359	-3.37896  	1463.87
818	25    	1067.94  	410.309	4.96805   	1450.17
819	25    	1151.79  	330.098	265.299   	1456.65
820	25    	1006.02  	421.576	59.8218   	1466.86
821	25    	916.212  	539.682	-9.64027  	1461.49
822	25    	1011.22  	519.986	56.6488   	1456.44
823	25    	996.017  	501.503	-1.10744  	1481.88
824	25    	1104.64  	421.111	271.673   	1467.45
825	25    	933.771  	478.452	16.7592   	1486.37
826	25    	722.582  	539.144	-9.39248  	1439.67
827	25    	917.674  	416.629	179.163   	1477.58
828	25    	930.428  	510.927	-9.49946  	1458.44
829	25    	1105.21  	324.781	442.547   	1457.14
830	25    	1130.72  	421.97 	6.50723   	1462.37
831	25    	931.254  	505.729	-0.22988  	1467.85
832	25    	996.691  	491.653	-8.15963  	1437.56
833	25    	1011.05  	463.453	103.497   	1449.95
834	25    	725.028  	587.687	-10.8588  	1447   
835	25    	784.749  	609.042	-8.88875  	1447.93
836	25    	803.072  	556.742	-10.7885  	1439.55
837	25    	529.14   	538.158	-12.8932  	1441.68
838	25    	866.834  	522.197	-1.94772  	1441.49
839	25    	898.718  	543.659	1.69117   	1483.24
840	25    	904.958  	514.087	-3.4603   	1465.89
841	25    	960.91   	564.548	-15.6564  	1507.01
842	25    	1073.92  	474.023	-1.7983   	1461.68
843	25    	1126.83  	445.345	-9.80591  	1478.25
844	25    	956.118  	492.035	-10.1726  	1466.04
845	25    	654.181  	560.644	-14.4533  	1433.3 
846	25    	783.345  	579.719	-11.4593  	1441.21
847	25    	762.629  	591.091	-13.4351  	1438.35
848	25    	874.819  	575.902	1.62916   	1451.99
849	25    	935.419  	548.753	-11.3226  	1473.59
850	25    	556.693  	565.173	-9.71711  	1458.43
851	25    	952.214  	526.834	-1.89137  	1451.76
852	25    	604.282  	593.056	-10.7052  	1458.08
853	25    	729.95   	572.858	-8.19663  	1466.34
854	25    	897.791  	490.378	-9.26957  	1443.34
855	25    	717.711  	579.147	-8.58472  	1423.57
856	25    	1038.67  	427.923	45.1914   	1462.27
857	25    	643.939  	523.69 	-9.0208   	1451.73
858	25    	729.763  	517.374	-8.7046   	1476.85
859	25    	1016.07  	444.614	41.4623   	1439.02
860	25    	780.735  	484.233	-1.46608  	1432.61
861	25    	1094.62  	447.566	-6.47548  	1482.3 
862	25    	993.568  	469.955	-7.29071  	1470.83
863	25    	958.877  	481.882	-11.5493  	1462.98
864	25    	885.228  	509.564	-9.44093  	1449.48
865	25    	1020.21  	413.204	-5.91839  	1473.87
866	25    	872.87   	572.413	-13.6844  	1436.03
867	25    	916.638  	512.004	-5.62029  	1473.03
868	25    	925.284  	498.529	-11.4262  	1438.57
869	25    	1136.81  	413.655	-6.2142   	1451.74
870	25    	971.167  	515.213	-8.78836  	1473.78
871	25    	1004.87  	491.672	-7.54308  	1448.59
872	25    	1083.21  	442.073	1.74067   	1476.93
873	25    	918.735  	588.273	-12.6126  	1462.41
874	25    	867.913  	544.189	-6.37967  	1449.1 
875	25    	937.383  	471.539	-11.069   	1436.58
876	25    	785.227  	564.126	-12.91    	1447.35
877	25    	652.116  	534.318	-4.48821  	1473.29
878	25    	1135.67  	270.68 	365.811   	1474.36
879	25    	1003.69  	502.575	-6.46627  	1465.52
880	25    	959.059  	522.381	-2.07681  	1465.98
881	25    	691.755  	490.665	-8.64808  	1461.08
882	25    	773.606  	567.622	-12.1699  	1446.01
883	25    	911.784  	438.435	-4.60303  	1456.71
884	25    	979.108  	464.641	295.176   	1459.44
885	25    	1184.84  	343.813	342.916   	1473.49
886	25    	1050.3   	426.707	-5.59313  	1434.2 
887	25    	1064.26  	403.169	2.54985   	1463.41
888	25    	1069.72  	456.29 	-6.99843  	1445.04
889	25    	983.458  	442.139	-9.88552  	1449.48
890	25    	1119.55  	338.007	10.5289   	1446.88
891	25    	973.021  	481.291	-4.89476  	1441.72
892	25    	1071.27  	525.557	-12.5238  	1446.8 
893	25    	985.364  	455.581	-12.8568  	1450.79
894	25    	1201.89  	326.501	310.755   	1465.96
895	25    	1001.32  	458.643	-9.80608  	1432.68
896	25    	1078.73  	464.477	-13.2181  	1452.75
897	25    	907.21   	512.731	-15.1141  	1434.47
898	25    	1044.95  	482.279	-3.18449  	1453.97
899	25    	1063.74  	410.478	-8.22506  	1437.89
900	25    	982.278  	485.702	-11.3238  	1440.5 
901	25    	1138.41  	438.638	-13.4977  	1451.95
902	25    	1018.52  	536.966	-14.1873  	1459.19
903	25    	1086.9   	390.773	-6.27101  	1447.28
904	25    	1043.17  	497.301	-12.3661  	1460.08
905	25    	874.048  	523.126	-14.4642  	1462.36
906	25    	929.771  	524.217	-15.1852  	1425.08
907	25    	760.091  	509.253	-14.4945  	1416.51
908	25    	1146.51  	329.899	164.811   	1458.06
909	25    	866.754  	580.638	-13.2856  	1448.03
910	25    	825.574  	564.319	-12.5203  	1423.38
911	25    	584.289  	587.167	-14.5904  	1417.47
912	25    	824.296  	540.739	-14.17    	1431.53
913	25    	931.953  	548.547	-13.7895  	1463.12
914	25    	723.643  	623.163	-14.8075  	1438.26
915	25    	980.618  	517.714	-11.2875  	1448.93
916	25    	826.401  	518.142	-12.9619  	1458.49
917	25    	1122.28  	306.791	341.765   	1453.81
918	25    	975.02   	526.935	-13.4456  	1454.43
919	25    	928.013  	501.571	-15.1087  	1437.51
920	25    	1079.36  	429.974	-10.0509  	1453.42
921	25    	1024.77  	492.254	-15.288   	1472.2 
922	25    	1018.76  	469.289	-10.353   	1460.49
923	25    	1169.89  	330.884	-5.02973  	1461.33
924	25    	1077.79  	415.318	-12.8331  	1431.09
925	25    	1206.87  	289.369	-9.60461  	1448.11
926	25    	1116.91  	377.606	-8.99745  	1472.9 
927	25    	1068.82  	459.712	-5.76733  	1465.77
928	25    	1098.89  	442.531	0.534789  	1459.12
929	25    	1099.34  	397.233	-11.4105  	1457.86
930	25    	1013.68  	537.291	-12.8487  	1456.88
931	25    	882.419  	576.901	-13.0519  	1446.41
932	25    	1031.62  	517.253	-6.08428  	1470.13
933	25    	966.601  	528.536	-13.9449  	1470.3 
934	25    	1030.88  	405.714	-12.1824  	1467.16
935	25    	1124.82  	411.272	-7.10421  	1460.1 
936	25    	1017.42  	538.094	-11.8853  	1456.44
937	25    	1115.01  	441.604	12.757    	1456.61
938	25    	1211.2   	331.39 	-8.80044  	1465.64
939	25    	821.851  	578.868	-11.269   	1463.52
940	25    	824.737  	578.701	-8.88834  	1441.87
941	25    	920.406  	574.427	-13.2855  	1448.45
942	25    	854.579  	608.665	-14.6512  	1460.38
943	25    	741.708  	545.802	-15.5957  	1443.48
944	25    	1083.2   	358.439	-14.304   	1456.75
945	25    	930.58   	485.157	-14.8019  	1458.09
946	25    	1061.57  	445.947	-0.213399 	1446.16
947	25    	1047.52  	404.696	-2.57974  	1467.06
948	25    	902.962  	474.475	-15.0264  	1469.88
949	25    	869.084  	525.66 	-6.70436  	1478.28
950	25    	646.869  	506.176	-13.6278  	1398.53
951	25    	942.142  	518.773	-8.28619  	1446.24
952	25    	751.735  	601.577	-13.6942  	1469.74
953	25    	757.233  	532.901	-15.173   	1448.56
954	25    	682.134  	600.817	-14.7277  	1443.23
955	25    	699.872  	601.765	-16.9621  	1465.17
956	25    	1021.42  	515.489	-7.63063  	1461.68
957	25    	1062.17  	517.772	-9.82505  	1463.87
958	25    	1116.56  	348.18 	-7.15608  	1473.11
959	25    	1064.74  	445.401	-12.6183  	1440.02
960	25    	872.523  	522.539	-8.2284   	1429.36
961	25    	750.071  	578.533	-12.6878  	1431   
962	25    	793.122  	502.994	117.205   	1417.8 
963	25    	910.647  	510.365	-6.72672  	1443.67
964	25    	1086.92  	383.881	153.041   	1476.05
965	25    	936.328  	553.731	-12.5446  	1457.69
966	25    	821.807  	559.047	-9.84892  	1460.76
967	25    	837.226  	581.773	-10.7325  	1453.48
968	25    	553.789  	572.864	-12.5986  	1468.76
969	25    	722.095  	512.384	-14.306   	1362.16
970	25    	765.435  	520.62 	-10.8233  	1452.91
971	25    	680.544  	561.156	-13.4283  	1458.14
972	25    	866.387  	475.619	136.763   	1456.36
973	25    	866.878  	493.655	-11.4779  	1459.43
974	25    	764.875  	562.211	-12.1873  	1451.6 
975	25    	982.131  	504.58 	-5.81321  	1466   
976	25    	960.599  	435.435	107.995   	1427.21
977	25    	761.29   	524.672	-9.93539  	1473.15
978	25    	760.419  	532.338	-12.1778  	1470.26
979	25    	835.349  	508.978	-9.65079  	1451.59
980	25    	1088.59  	420.503	-7.36551  	1470.49
981	25    	839.427  	539.249	-8.05574  	1444.05
982	25    	871.861  	596.636	-9.82718  	1444.95
983	25    	635.813  	546.669	-12.7091  	1411.57
984	25    	784.939  	505.042	-12.7102  	1427.79
985	25    	632.929  	529.345	-14.2931  	1437.49
986	25    	686.568  	602.341	-11.9297  	1427.32
987	25    	693.47   	519.56 	-15.1884  	1454.49
988	25    	570.808  	494.71 	-13.063   	1411.61
989	25    	648.125  	482.857	-7.27835  	1440.09
990	25    	724.04   	519.396	-12.7985  	1453.37
991	25    	938.493  	452.817	-4.58484  	1412.22
992	25    	861.871  	550.237	-11.5798  	1419.74
993	25    	843.58   	473.97 	-9.06623  	1424.59
994	25    	573.189  	448.176	-10.5907  	1419.05
995	25    	973.903  	446.155	-9.58893  	1436.59
996	25    	1085.48  	411.833	171.305   	1447.17
997	25    	659.505  	539.815	-11.0861  	1453.51
998	25    	660.192  	573.488	-12.096   	1440.57
999	25    	656.801  	542.807	-11.5208  	1448.29
1000	25    	812.818  	577.68 	-15.2433  	1432.34
1001	25    	723.265  	508.763	-12.771   	1452.78
1002	25    	874.678  	535.968	-8.33143  	1435.81
1003	25    	966.173  	475.567	-6.05591  	1438.42
1004	25    	1044.94  	392.138	-10.6053  	1439.42
1005	25    	1008.56  	365.117	231.016   	1440.45
1006	25    	1032.68  	512.359	-9.75835  	1450.43
1007	25    	1009.11  	437.779	-11.9331  	1439.01
1008	25    	955.834  	515.418	-10.0722  	1451.29
1009	25    	1118.55  	479.747	-12.1276  	1436.7 
1010	25    	1023.22  	489.96 	-9.92646  	1443.81
1011	25    	1020.3   	488.927	-11.7152  	1456.64
1012	25    	897.913  	565.036	-14.6518  	1438.12
1013	25    	869.18   	558.741	-12.3873  	1431.87
1014	25    	987.637  	592.665	-12.0486  	1424.01
1015	25    	969.08   	559.148	-14.2729  	1432.42
1016	25    	1100.34  	423.08 	-13.2668  	1434.35
1017	25    	920.358  	519.459	-10.8579  	1425.97
1018	25    	1028.13  	521.047	-10.3591  	1442.58
1019	25    	1141.36  	476.659	-13.0247  	1430.1 
1020	25    	1132.78  	413.162	-7.9957   	1453.06
1021	25    	1016.93  	481.659	-2.43034  	1458.49
1022	25    	887.985  	579.576	-13.5718  	1453.72
1023	25    	1098.36  	475.143	-14.4382  	1438.23
1024	25    	1197.98  	407.58 	-12.8086  	1459.46
1025	25    	1115.35  	442.129	-13.763   	1469.94
1026	25    	1068.66  	470.581	-12.9611  	1455.22
1027	25    	1184.21  	292.814	329.971   	1442.82
1028	25    	940.621  	571.011	-13.7997  	1478.36
1029	25    	1280     	243.25 	509.275   	1474.11
1030	25    	1153.76  	420.22 	-11.3032  	1457.04
1031	25    	1092.19  	451.093	-10.8107  	1460.53
1032	25    	1196.79  	365.606	-9.40288  	1498.16
1033	25    	1177.15  	397.49 	135.265   	1477.74
1034	25    	1014.45  	494.627	-8.68733  	1471.75
1035	25    	1128.23  	471.972	-11.6133  	1460.33
1036	25    	1027.46  	569.638	-9.40909  	1475   
1037	25    	1061.8   	532.681	-13.0607  	1472.62
1038	25    	934.074  	611.09 	-11.1134  	1462.5 
1039	25    	696.282  	581.54 	-11.5759  	1453.2 
1040	25    	978.01   	584.314	-12.5779  	1470.61
1041	25    	1008.92  	507.943	-10.9548  	1466.64
1042	25    	1093.45  	485.325	-14.7211  	1464.37
1043	25    	1143.38  	405.058	-8.82311  	1467.3 
1044	25    	991.899  	558.353	-12.1298  	1466.54
1045	25    	1206.07  	431.979	-13.722   	1463.59
1046	25    	1179.24  	367.648	-9.48845  	1475.68
1047	25    	1291.41  	240.181	441.204   	1471.29
1048	25    	1183.04  	299.596	294.077   	1470.28
1049	25    	1194.45  	397.121	-2.67604  	1477.47
1050	25    	962.814  	502.523	136.174   	1460.48
1051	25    	885.221  	500.601	-7.2188   	1469.27
1052	25    	1110.53  	505.483	7.60464   	1480.15
1053	25    	1097.42  	427.426	142.881   	1496.91
1054	25    	1077.37  	510.562	-9.00988  	1471.61
1055	25    	880.029  	583.925	-10.5485  	1482.88
1056	25    	912.522  	557.416	-13.1655  	1485.46
1057	25    	1041.47  	473.237	-4.62948  	1465.08
1058	25    	792.318  	560.428	-7.52858  	1473.15
1059	25    	1080.71  	495.566	-7.8981   	1467.07
1060	25    	1147.88  	449.643	-7.91588  	1481.43
1061	25    	1128.8   	499.418	-11.5787  	1482.01
1062	25    	1029.3   	503.536	-4.58314  	1488.87
1063	25    	1015.23  	475.967	-4.24046  	1479.17
1064	25    	1042.36  	509.576	-9.52357  	1479.96
1065	25    	1143.28  	431.397	-9.76786  	1503.8 
1066	25    	1066.8   	442.172	-10.7199  	1486.88
1067	25    	1092.61  	403.823	-4.46199  	1482.33
1068	25    	1060.88  	537.86 	-9.59136  	1488.27
1069	25    	1006.51  	529.737	-13.7354  	1468.25
1070	25    	1193.35  	344.417	-11.3685  	1479.55
1071	25    	1053.81  	400.534	-1.96899  	1480.69
1072	25    	935.805  	578.517	-10.1904  	1492.31
1073	25    	772.96   	670.091	-9.41028  	1488   
1074	25    	859.374  	510.696	-9.81444  	1482.49
1075	25    	843.991  	541.666	-7.15392  	1463.66
1076	25    	804.434  	585.782	-13.4024  	1484.93
1077	25    	909.976  	523.137	-9.18995  	1471.5 
1078	25    	1009.3   	480.635	-10.5202  	1487.69
1079	25    	994.988  	493.205	-6.88693  	1493.51
1080	25    	919.516  	500.546	-9.60286  	1469.29
1081	25    	1009.37  	434.525	-5.99389  	1477.31
1082	25    	852.347  	537.46 	-9.27781  	1470.72
1083	25    	1006.43  	544.229	-8.07928  	1484.86
1084	25    	960.763  	523.202	-14.3614  	1483.74
1085	25    	1056.68  	522.149	-9.9123   	1487.52
1086	25    	1102.16  	466.421	-11.3861  	1477.08
1087	25    	1120.34  	523.896	-12.6449  	1474.67
1088	25    	1205.35  	478.349	-8.37996  	1480.38
1089	25    	965.573  	594.511	-12.0895  	1483.35
1090	25    	1096.11  	496.87 	-15.3059  	1466.54
1091	25    	964.489  	508.355	-11.3558  	1480.2 
1092	25    	674.378  	590.888	-14.075   	1495.51
1093	25    	724.328  	461.217	-9.23705  	1444.38
1094	25    	819.041  	589.393	-12.017   	1491.19
1095	25    	695.161  	560.322	-12.3508  	1473.98
1096	25    	793.695  	460.461	-14.1178  	1475.59
1097	25    	869.521  	571.907	-14.0609  	1498.83
1098	25    	1006.84  	534.616	-13.8548  	1482.68
1099	25    	1157.26  	492.742	-10.1127  	1490.69
1100	25    	1158.35  	380.258	-9.04605  	1479.92
1101	25    	951.005  	501.748	-13.1139  	1464.23
1102	25    	923.268  	529.599	-11.911   	1473.09
1103	25    	1161.26  	456.222	-9.02674  	1494.09
1104	25    	1030.51  	495.264	-14.6298  	1471.38
1105	25    	813.109  	548.14 	-3.27261  	1481.04
1106	25    	870.425  	614.659	-15.2731  	1488.45
1107	25    	935.043  	517.237	-9.52136  	1454.78
1108	25    	1006.03  	472.153	-10.1864  	1484.96
1109	25    	958.357  	465.142	-9.56266  	1466.75
1110	25    	902.757  	542.171	-9.79868  	1464.61
1111	25    	1077.64  	538.026	-13.3546  	1485.5 
1112	25    	1157.03  	422.869	9.92474   	1471.23
1113	25    	916.738  	461.276	-8.54428  	1449.95
1114	25    	844.013  	546.85 	-9.45711  	1474.89
1115	25    	969.044  	492.974	-10.4397  	1461.57
1116	25    	827.909  	508.18 	-10.2486  	1480.99
1117	25    	949.149  	497.681	-9.75461  	1470.63
1118	25    	1076.2   	363.223	287.403   	1474.88
1119	25    	1049.66  	436.411	-13.5653  	1476.06
1120	25    	1067.6   	451.754	30.5072   	1483.04
1121	25    	1064.08  	443.437	-7.10853  	1466.18
1122	25    	1120.37  	406.42 	101.357   	1465.7 
1123	25    	1206.41  	392.869	133.59    	1482.44
1124	25    	1228.99  	284.903	368.588   	1483.45
1125	25    	1260.16  	316.729	136.125   	1485.46
1126	25    	1192.76  	375.115	147.248   	1485.89
1127	25    	1024.2   	463.622	-1.3068   	1477.55
1128	25    	997.771  	399.7  	10.5205   	1463.49
1129	25    	955.904  	464.084	-0.0594451	1475.17
1130	25    	1015.14  	475.863	137.909   	1459.39
1131	25    	1030.41  	497.309	-11.8174  	1488.11
1132	25    	1094.47  	489.407	-10.0002  	1472.76
1133	25    	1017.14  	498.758	-9.75481  	1456.55
1134	25    	1160.97  	386.429	-9.40886  	1467.82
1135	25    	1064.38  	505.578	-14.1169  	1466.34
1136	25    	1059.92  	398.693	-11.1632  	1485.03
1137	25    	1071.88  	456.53 	-11.426   	1471.21
1138	25    	1037.75  	423.474	-5.44082  	1471.28
1139	25    	1208.77  	319.46 	218.326   	1474.27
1140	25    	983.662  	507.047	-15.8708  	1469.63
1141	25    	1145.44  	384.124	-14.381   	1481.7 
1142	25    	1061.55  	518.109	-10.7658  	1470.43
1143	25    	1100.52  	471.88 	-8.3892   	1469.86
1144	25    	955.001  	651.721	-10.0258  	1485.61
1145	25    	948.853  	611.283	-13.5424  	1466.19
1146	25    	801.389  	600.434	-10.3231  	1451.08
1147	25    	862.796  	677.945	-13.353   	1468.98
1148	25    	952.882  	582.085	-10.8094  	1472.69
1149	25    	1215.76  	322.695	434.652   	1477.84
1150	25    	1247.16  	304.342	300.453   	1488.23
1151	25    	990.296  	488.321	-10.6934  	1454.97
1152	25    	1038.67  	423.256	-1.61374  	1476.32
1153	25    	1033.59  	484.92 	-8.39427  	1493.04
1154	25    	1252.3   	334.586	137.4     	1460.46
1155	25    	1128.98  	505.864	-7.69345  	1476.18
1156	25    	1229.18  	419.417	-9.04885  	1479.39
1157	25    	1168.95  	413.502	-10.8255  	1503.53
1158	25    	1014.07  	524.709	-10.0175  	1487.29
1159	25    	1125.12  	528.549	-9.7931   	1481   
1160	25    	1096.44  	495.138	-8.17969  	1474.92
1161	25    	1110.36  	465.367	-13.9387  	1471.03
1162	25    	1242.89  	307.828	396.508   	1481.17
1163	25    	1100.18  	530.785	-7.14867  	1470.55
1164	25    	971.756  	583.221	-9.30658  	1485.3 
1165	25    	963.781  	593.474	-9.74386  	1476.78
1166	25    	889.404  	648.906	-11.6052  	1487.76
1167	25    	1178.92  	462.201	-13.2124  	1483.74
1168	25    	1160.61  	412.153	-4.57126  	1481.19
1169	25    	868.893  	575.094	-12.6202  	1489.01
1170	25    	828.423  	613.297	-11.7106  	1479.26
1171	25    	925.942  	630.406	-8.18373  	1479.75
1172	25    	490.655  	630.966	-14.5469  	1458.95
1173	25    	654.351  	667.063	-14.1028  	1460.24
1174	25    	651.867  	665.728	-13.4265  	1460.39
1175	25    	1001.51  	599.054	-7.11514  	1454.96
1176	25    	735.768  	685.887	-12.55    	1442.42
1177	25    	761.853  	619.401	-12.6184  	1442.22
1178	25    	1073.33  	507.065	-12.9388  	1454.72
1179	25    	844.445  	606.171	-5.69002  	1469.67
1180	25    	979.712  	601.267	-8.45958  	1477.42
1181	25    	1066.67  	568.648	-9.3548   	1467.96
1182	25    	1049.19  	499.671	-12.5264  	1464.22
1183	25    	1035.46  	501.681	-12.1114  	1475.14
1184	25    	1061.05  	441.41 	-0.647412 	1457.26
1185	25    	1236.76  	362.399	-7.38384  	1476.28
1186	25    	1113     	499.834	-3.67054  	1472.64
1187	25    	1262.23  	298.434	-15.0866  	1474.43
1188	25    	1136.4   	476.321	-8.20279  	1508.64
1189	25    	1102.68  	389.15 	-3.85     	1481.84
1190	25    	1044.46  	476.031	-12.9699  	1476.06
1191	25    	1188.85  	388.106	-5.22333  	1488.28
1192	25    	1047.71  	604.593	-10.0757  	1489.09
1193	25    	1204.57  	327.069	-3.53927  	1498.82
1194	25    	1020.87  	533.615	-11.4539  	1490.89
1195	25    	1214.76  	340.428	-1.22286  	1480.34
1196	25    	1150.16  	422.772	-4.38247  	1473.42
1197	25    	1080.47  	507.81 	-12.8762  	1478.81
1198	25    	908.447  	599.877	-10.445   	1478.31
1199	25    	813.472  	574.799	-1.50919  	1479.21
1200	25    	996.95   	495.874	-8.26362  	1479.18
1201	25    	820.52   	632.868	-12.6751  	1468.02
1202	25    	1239.41  	406.769	-2.7493   	1476.51
1203	25    	1180.21  	512.753	-14.648   	1492.67
1204	25    	1127.52  	537.87 	-15.2369  	1488.04
1205	25    	846.776  	597.255	-15.5242  	1482.34
1206	25    	1077.87  	470.591	-12.9205  	1475.18
1207	25    	1035.64  	567.542	-17.8248  	1485.23
1208	25    	985.412  	598.633	-9.51691  	1493.46
1209	25    	1194.41  	449.794	-4.60871  	1484.67
1210	25    	1039.65  	508.528	-12.1532  	1496.84
1211	25    	1051.3   	517.824	-15.4405  	1474.67
1212	25    	1263.9   	404.121	-12.8226  	1487.15
1213	25    	1047.57  	481.81 	-5.73624  	1489.07
1214	25    	1304.59  	304.508	-3.94738  	1486.02
1215	25    	1125.49  	402.969	-1.83095  	1491.36
1216	25    	1120.7   	460.635	-7.01905  	1478.78
1217	25    	1179.95  	489.488	-0.0695292	1478.52
1218	25    	1097.6   	524.911	10.4248   	1483.17
1219	25    	1195.59  	376.641	0.582389  	1486.48
1220	25    	1155.3   	490.09 	-6.0777   	1479.05
1221	25    	1323.61  	238.236	341.256   	1488.13
1222	25    	1169.65  	421.096	1.05567   	1485.1 
1223	25    	1306.15  	252.488	306.844   	1480.87
1224	25    	1170.16  	399.92 	-11.6792  	1484.46
1225	25    	1211.87  	352.38 	4.60145   	1470.45
1226	25    	1153.38  	495.57 	-6.4499   	1493.49
1227	25    	1243.37  	364.86 	134.891   	1497.72
1228	25    	1103.38  	464.283	-8.7542   	1479.35
1229	25    	1226.43  	418.269	3.97622   	1469.12
1230	25    	1062.68  	511.134	1.1228    	1478.26
1231	25    	1143.91  	485.138	-8.50454  	1492.37
1232	25    	933.57   	544.956	-2.02088  	1472.15
1233	25    	985.802  	560.044	-9.9142   	1480.77
1234	25    	1180.9   	471.14 	-0.946741 	1486.31
1235	25    	965.157  	525.264	-1.64945  	1471.85
1236	25    	999.746  	574.782	-7.5111   	1479.04
1237	25    	1201.61  	464.691	-5.84856  	1473.74
1238	25    	917.827  	522.628	-1.24309  	1478.83
1239	25    	1141.82  	421.508	116.712   	1494.2 
1240	25    	1063.87  	455.869	-4.46929  	1475.9 
1241	25    	887.547  	521.994	-15.9879  	1479.05
1242	25    	1010.4   	458.815	16.1539   	1480.08
1243	25    	1040.28  	514.572	-5.00877  	1479.07
1244	25    	708.502  	589.375	-8.20944  	1457.66
1245	25    	1121.46  	507.407	-15.8568  	1483.09
1246	25    	1119.18  	430.839	-3.52384  	1499.65
1247	25    	952.968  	504.861	5.84868   	1484.84
1248	25    	995.072  	497.401	16.1735   	1466.28
1249	25    	1115.73  	396.83 	12.2744   	1475.25
1250	25    	1086.21  	469.061	-7.43459  	1498.7 
1251	25    	1010.81  	476.851	-2.00734  	1475.43
1252	25    	1153     	402.876	-15.2687  	1470.22
1253	25    	978.403  	535.549	-7.29272  	1465.08
1254	25    	1158.09  	467.389	-8.62288  	1502.14
1255	25    	908.845  	533.355	-8.80043  	1498.95
1256	25    	998.516  	533.853	-8.96161  	1509.52
1257	25    	938.168  	528.822	-13.153   	1477.26
1258	25    	1276.62  	383.974	4.19924   	1498.5 
1259	25    	995.595  	581.632	-6.24033  	1486.32
1260	25    	1144.49  	456.474	-11.7435  	1488.6 
1261	25    	1097.83  	388.471	300.202   	1466.52
1262	25    	1087.33  	522.223	-13.6563  	1479.37
1263	25    	1246.7   	437.597	-11.5929  	1491.28
1264	25    	1076.73  	531.776	-6.87448  	1497.65
1265	25    	1161.42  	403.006	-8.68413  	1478.42
1266	25    	1317.97  	314.168	-7.02986  	1488.09
1267	25    	1164.61  	496.165	-4.15397  	1483.4 
1268	25    	1193.08  	464.822	-3.56416  	1487.59
1269	25    	1196.36  	386.142	-6.93831  	1493.4 
1270	25    	1014.17  	464.852	27.119    	1508.2 
1271	25    	1117.44  	473.662	-1.47758  	1490.27
1272	25    	1085.96  	476.399	1.16869   	1480.01
1273	25    	1339.86  	282.86 	393.432   	1510.64
1274	25    	1238.61  	402.512	-11.8288  	1499.59
1275	25    	1008.84  	536.403	-11.7076  	1496.25
1276	25    	1117.38  	438.631	-12.0516  	1486.76
1277	25    	1212.84  	421.848	-9.96859  	1498.76
1278	25    	1189.65  	408.83 	-6.23212  	1495.5 
1279	25    	1310.84  	289.117	297.122   	1493.78
1280	25    	1327.5   	207.487	739.062   	1501.15
1281	25    	1095.35  	410.579	211.368   	1490.19
1282	25    	1077.91  	502.037	-10.7254  	1505.17
1283	25    	1259.06  	295.639	490.643   	1497.29
1284	25    	1169.57  	427.431	138.518   	1502.5 
1285	25    	927.507  	541.314	-10.5191  	1483.26
1286	25    	993.735  	569.178	-7.66715  	1487.95
1287	25    	1159.03  	472.355	-8.82761  	1500.2 
1288	25    	1158.45  	441.478	-1.4294   	1504.21
1289	25    	1093.52  	456.453	-8.10998  	1481.63
1290	25    	1207.1   	430.797	-14.0139  	1476.63
1291	25    	1125.66  	534.597	-7.58483  	1491.16
1292	25    	1201.07  	508.732	-9.30558  	1508.2 
1293	25    	1120.87  	500.948	-2.28325  	1493.57
1294	25    	1292.8   	369.653	131.854   	1493.08
1295	25    	1229.7   	336.3  	2.31746   	1491.21
1296	25    	1222.81  	308.368	320.31    	1494.05
1297	25    	1247.22  	302.78 	194.702   	1496.24
1298	25    	1125.64  	328.967	332.055   	1480.58
1299	25    	1142.16  	332.586	278.69    	1499.13
1300	25    	1134.53  	415.44 	-8.07423  	1487.68
1301	25    	1216.24  	397.243	5.93667   	1499.48
1302	25    	1236.44  	350.878	351.679   	1503.82
1303	25    	1100.71  	455.894	158.964   	1491.16
1304	25    	1123.34  	474.583	179.949   	1487.2 
1305	25    	1211.46  	414.36 	151.464   	1509.36
1306	25    	1099.86  	425.226	244.038   	1504.14
1307	25    	1242.61  	252.959	314.587   	1502.53
1308	25    	1352.57  	258.852	287.799   	1501.6 
1309	25    	1283.04  	259.101	310.939   	1492.92
1310	25    	1272.21  	228.211	583.302   	1503.02
1311	25    	1133.58  	468.304	-13.1793  	1501.77
1312	25    	1222.8   	311.954	-1.19098  	1488.72
1313	25    	1207.4   	473.661	-10.6499  	1501.74
1314	25    	1269.94  	289.305	529.317   	1506.01
1315	25    	1201.52  	403.788	-5.96056  	1493.09
1316	25    	1212.69  	354.104	3.82413   	1484.08
1317	25    	1193.52  	355.419	306.32    	1493.44
1318	25    	1206.63  	413.954	-6.46856  	1489.22
1319	25    	1286.81  	265.469	517.596   	1492.85
1320	25    	1223.23  	404.313	25.9769   	1499.44
1321	25    	1285.03  	317.213	306.75    	1490.83
1322	25    	1296.76  	223.96 	543.407   	1491.52
1323	25    	1220.72  	373.574	4.65141   	1499.66
1324	25    	1138.9   	451.07 	-12.8161  	1497.31
1325	25    	1194.19  	492.436	-1.25769  	1480.68
1326	25    	1426.88  	110.669	1092.51   	1505.1 
1327	25    	1268.81  	309.988	-10.0346  	1492.38
1328	25    	1161.8   	317.826	6.63257   	1490.95
1329	25    	1253.91  	336.526	1.71918   	1500.02
1330	25    	1119.57  	405.473	-10.1285  	1488.08
1331	25    	1201.96  	298.506	320.269   	1495.79
1332	25    	1209.77  	426.788	0.133992  	1498.22
1333	25    	1248.4   	358.893	-10.8188  	1499.54
1334	25    	1202.95  	407.343	-15.3293  	1493.65
1335	25    	1333.53  	158.846	1083.08   	1503.87
1336	25    	1190.05  	416.123	-9.0758   	1505.28
1337	25    	1146.41  	422.444	3.83673   	1508.65
1338	25    	1072.51  	462.101	-16.2961  	1492.63
1339	25    	922.348  	520.697	-13.5697  	1494.35
1340	25    	1036.19  	426.918	-14.6126  	1501.95
1341	25    	997.956  	501.402	-11.2148  	1484.72
1342	25    	1182.27  	477.099	-10.7845  	1490.75
1343	25    	1026.54  	532.413	-12.026   	1497.56
1344	25    	1047.01  	496.931	-7.96869  	1491.78
1345	25    	1158.68  	402.266	3.41991   	1495.68
1346	25    	1059.26  	495.973	-6.69379  	1509.34
1347	25    	1086.96  	480.226	-12.7979  	1494.86
1348	25    	1146.42  	407.52 	-2.34174  	1492.34
1349	25    	1043.84  	532.555	-5.11927  	1494.81
1350	25    	924.006  	594.12 	-14.0439  	1484.8 
1351	25    	949.176  	517.509	-7.21236  	1483.92
1352	25    	1086.29  	489.772	-12.2011  	1492.7 
1353	25    	1053.45  	496.683	-7.12227  	1488.91
1354	25    	875.76   	624.163	-10.1354  	1500.34
1355	25    	864.615  	578.466	-9.58674  	1495.35
1356	25    	964.275  	463.219	-4.64231  	1478.16
1357	25    	1002.46  	572.22 	-7.77039  	1490.67
1358	25    	1203.9   	294.538	417.246   	1493.88
1359	25    	1197.96  	334.147	-11.8096  	1483.01
1360	25    	964.192  	550.977	-12.6827  	1493.99
1361	25    	867.65   	668.228	-13.2121  	1498.48
1362	25    	1141.17  	461.297	-10.322   	1479.01
1363	25    	994.097  	568.518	-10.0188  	1497.25
1364	25    	983.352  	521.42 	-11.2069  	1503.71
1365	25    	932.078  	576.293	-7.94998  	1487.99
1366	25    	1167.85  	426.406	193.15    	1486.74
1367	25    	1177.29  	456.707	-9.99171  	1494.25
1368	25    	957.471  	513.069	-12.0946  	1488.75
1369	25    	986.718  	516.15 	-11.7373  	1507.84
1370	25    	1053.57  	549.364	-7.67206  	1497.29
1371	25    	1016.22  	522.712	-11.6506  	1498.57
1372	25    	1033.76  	549.155	-12.0412  	1497.26
1373	25    	885.194  	628.499	-9.0074   	1503.33
1374	25    	1081.2   	522.579	-8.24509  	1497.53
1375	25    	958.101  	526.457	-10.5639  	1510.39
1376	25    	838.353  	583.789	-12.8706  	1476.41
1377	25    	1258.33  	177.579	1047.44   	1501.13
1378	25    	1258.79  	414.182	-8.72032  	1507.49
1379	25    	1180.97  	448.692	-14.1898  	1513.54
1380	25    	1088.32  	431.037	-6.55832  	1489.52
1381	25    	1160.24  	304.865	446.026   	1484.62
1382	25    	1044.73  	488.517	-11.2115  	1508.89
1383	25    	1206.17  	306.984	224.878   	1498.86
1384	25    	1275.49  	251.289	359.293   	1499.34
1385	25    	1233.19  	190.313	941.663   	1493.16
1386	25    	1284.87  	303.229	333.384   	1481.95
1387	25    	1222.05  	334.851	304.604   	1489.06
1388	25    	1070.41  	505.16 	-8.97593  	1480.78
1389	25    	1151.53  	415.752	296.76    	1506   
1390	25    	980.382  	484.481	-7.93479  	1504.33
1391	25    	1159.04  	526.565	-5.80359  	1508.89
1392	25    	1102.16  	492.382	-9.97941  	1493.45
1393	25    	1150.63  	370.807	-11.8102  	1495.5 
1394	25    	946.195  	582.172	-10.3526  	1499.89
1395	25    	1100.35  	412.405	-7.62272  	1502.47
1396	25    	1137.86  	466.842	-7.39214  	1494.9 
1397	25    	1157.85  	365.831	302.096   	1494.81
1398	25    	975.26   	621.49 	-12.8769  	1512.88
1399	25    	1080.31  	526.191	-7.66584  	1497.01
1400	25    	962.554  	528.31 	-8.75905  	1498.77
1401	25    	1101.29  	406.222	189.428   	1497.3 
1402	25    	1130.79  	451.281	3.44437   	1493.36
1403	25    	935.173  	587.376	-2.85723  	1498.39
1404	25    	1173.34  	379.291	198.603   	1501.82
1405	25    	1345.82  	215.018	568.843   	1499.09
1406	25    	1248.46  	356.97 	5.68584   	1500.03
1407	25    	1270.28  	337.126	-2.45858  	1499.53
1408	25    	1285.94  	293.886	382.256   	1502.24
1409	25    	1243.48  	259.222	298.3     	1500.69
1410	25    	1349.79  	183.086	814.106   	1508.85
1411	25    	1246.03  	317.493	286.914   	1498.05
1412	25    	1251.06  	262.128	392.975   	1499.71
1413	25    	1291.51  	279.658	244.933   	1497.83
1414	25    	1351.04  	168.705	1088.44   	1499.56
1415	25    	1246.06  	327.813	266.13    	1494.26
1416	25    	1318.2   	318.535	-2.70409  	1499.97
1417	25    	1209.08  	428.837	-11.7623  	1486.56
1418	25    	1049.68  	568.574	-6.01673  	1485.23
1419	25    	1166.49  	532.338	-9.87592  	1488.65
1420	25    	1097.97  	563.747	-4.05064  	1501.38
1421	25    	1249.49  	474.29 	-4.59208  	1501.38
1422	25    	1194.21  	465.369	-9.19327  	1499.2 
1423	25    	1315.51  	313.73 	-8.7457   	1496.71
1424	25    	1089.41  	463.59 	-10.008   	1503.67
1425	25    	1069.48  	477.095	16.098    	1498.65
1426	25    	1277.15  	259.796	308.327   	1487.87
1427	25    	1171.68  	520.905	-13.1725  	1484.71
1428	25    	1203.03  	411.195	4.25885   	1507.38
1429	25    	1315.53  	241.465	526.078   	1491.3 
1430	25    	1230.8   	437.982	1.5       	1502.75
1431	25    	1099.41  	412.921	1.49747   	1491.02
1432	25    	1148.17  	433.662	256.633   	1491.24
1433	25    	1158.05  	354.994	299.103   	1498.23
1434	25    	1255.01  	345.143	3.81951   	1510.27
1435	25    	1202.14  	383.371	70.6411   	1511.21
1436	25    	886.102  	515.715	-9.22084  	1493.41
1437	25    	810.229  	528.84 	-4.12047  	1491.6 
1438	25    	864.949  	549.635	-2.43958  	1495.15
1439	25    	1032.79  	365.859	1.92984   	1477.86
1440	25    	919.461  	485.651	-3.88393  	1496.25
1441	25    	1038.85  	479.498	107.232   	1502.87
1442	25    	956.901  	453.326	59.4213   	1484.55
1443	25    	1141.98  	347.072	65.5919   	1492.96
1444	25    	1008.89  	458.438	130.219   	1486.83
1445	25    	1097.5   	435.082	275.586   	1504.8 
1446	25    	950.409  	512.093	87.761    	1497.89
1447	25    	1211.88  	408.179	278.686   	1504.25
1448	25    	1180     	420.772	215.68    	1490.42
1449	25    	1181.91  	424.324	248.81    	1490.99
1450	25    	1238.05  	359.628	-11.5702  	1508.06
1451	25    	1263.45  	335.324	335.34    	1486.42
1452	25    	1212.5   	406.513	174.101   	1484.38
1453	25    	1240.57  	349.231	-13.4808  	1485.89
1454	25    	1363.17  	275.246	211.916   	1499.98
1455	25    	1232.59  	374.726	319.617   	1503.26
1456	25    	1340.74  	251.856	315.462   	1488.56
1457	25    	1303.92  	283.447	439.424   	1514.96
1458	25    	1102.72  	436.888	167.425   	1498.23
1459	25    	1344.67  	163.512	992.377   	1496.2 
1460	25    	1194.85  	423.824	137.602   	1500.67
1461	25    	1232.03  	471.05 	-0.907823 	1518.07
1462	25    	977.974  	550.313	-0.43547  	1498.76
1463	25    	1131.79  	464.629	84.7299   	1496.37
1464	25    	1129.11  	504.601	52.5607   	1510.73
1465	25    	1023.09  	568.894	-6.38053  	1509.81
1466	25    	1144.73  	410.883	277.926   	1501.81
1467	25    	851.542  	560.429	54.3536   	1507.38
1468	25    	1244.88  	348.973	441.875   	1495.59
1469	25    	1210.74  	429.693	235.75    	1499.04
1470	25    	1120.4   	515.155	-0.411179 	1498.17
1471	25    	1334.11  	317.91 	284.734   	1503.5 
1472	25    	1078.47  	517.622	-1.69694  	1486.69
1473	25    	1330.48  	295.902	24.5773   	1478.25
1474	25    	1106.44  	448.131	-0.227957 	1491.43
1475	25    	1295.05  	288.395	276.816   	1501.03
1476	25    	1225.71  	409.737	76.5985   	1494.02
1477	25    	1119.7   	450.838	74.3476   	1495.49
1478	25    	1287.73  	324.406	-1.90361  	1505.55
1479	25    	1059.15  	442.828	0.414294  	1492.26
1480	25    	1098.61  	443.702	231.497   	1506.04
1481	25    	1055.16  	532.237	-2.09812  	1489.37
1482	25    	926.389  	637.614	-3.42321  	1492.84
1483	25    	902.234  	578.985	2.37228   	1500.92
1484	25    	1035.85  	492.331	227.218   	1487.86
1485	25    	979.425  	528.797	-2.8477   	1493.45
1486	25    	1305.17  	302.639	498.493   	1498.18
1487	25    	1178.23  	523.735	-0.440695 	1491.67
1488	25    	1217.46  	453.59 	-1.11809  	1493.37
1489	25    	1058.1   	498.507	-3.33974  	1501.34
1490	25    	1180.79  	442.806	-8.28133  	1491.08
1491	25    	1209.84  	424.93 	142.16    	1506.62
1492	25    	1214.07  	376.337	208.783   	1500   
1493	25    	1238.53  	328.075	0.506783  	1498.54
1494	25    	1117.23  	468.361	23.3073   	1492.74
1495	25    	1144.89  	389.931	0.300494  	1497.62
1496	25    	1111.52  	447.795	-1.1752   	1498.48
1497	25    	1353.03  	173.94 	1077.7    	1505.76
1498	25    	1101.73  	448.848	-0.254877 	1501.26
1499	25    	1121.85  	311.816	297.782   	1487.74
Time elapsed: 7438.235928535461
Number of steps: 24445046
