492     25      578.963         330.825 78.757          1173.88 
493     25      499.583         374.163 0.406377        1075.92 
494     25      524.622         370.794 20.1529         1132.41 
495     25      594.427         372.302 -5.99809        1160.87 
496     25      595.513         357.124 94.9032         1216.99 
497     25      555.124         383.255 23.3761         1282.19 
498     25      584.83          326.55  74.331          1151.46 
499     25      353.697         332.478 21.2656         1052.51 
500     25      580.379         375.496 32.1826         1168.07 
501     25      576.211         361.684 69.1361         1190.21 
502     25      600.494         386.971 -29.5682        1238.15 
503     25      427.142         370.31  -16.9745        1092.25 
504     25      504.207         427.383 8.61137         1177.58 
505     25      598.48          346.524 39.9376         1207.25 
506     25      570.612         365.471 -3.6436         1240.55 
507     25      564.683         346.88  18.796          1246.56 
508     25      596.463         318.56  57.1921         1181.62 
509     25      613.533         433.596 1.73479         1167.57 
510     25      687.323         387.002 -23.2196        1230.57 
511     25      569.64          394.826 43.0202         1222.14 
512     25      462.975         358.982 16.6835         1170.94 
513     25      532.888         447.64  3.70846         1158.38 
514     25      435.522         387.697 15.4998         1277.77 
515     25      599.329         388.382 3.31432         1225.84 
516     25      594.944         434.065 3.4999          1235.17 
517     25      750.721         417.027 -11.4851        1269.59 
518     25      429.32          399.716 -12.2346        1250.71 
519     25      416.094         401.701 -13.0121        1286.46 
520     25      450.054         380.93  -11.5814        1184.59 
521     25      416.9           301.159 -7.32861        1092.5  
522     25      695.674         384.856 24.3451         1180.86 
523     25      490.521         434.177 22.4753         1215.33 
524     25      552.672         368.241 4.93603         1132.53 
525     25      452.705         375.275 3.43712         1119.77 
526     25      686.64          393.226 2.25469         1274.33 
527     25      647.613         418.173 -39.9499        1196.49 
528     25      706.612         363.902 18.6323         1229.5  
529     25      817.289         331.908 27.089          1166.58 
530     25      704.531         413.74  22.6626         1241.4  
531     25      588.381         397.052 12.5074         1099.21 
532     25      672.584         431.511 -20.2787        1185.77 
533     25      605.065         389.246 9.63229         1118.51 
534     25      713.798         362.615 16.2998         1211.78 
535     25      722.445         353.175 26.0544         1097.87 
536     25      844.534         325.192 22.3609         1127.44 
537     25      775.901         362.063 -6.49019        1230.41 
538     25      785.159         381.068 63.1604         1213.4  
539     25      831.979         367.649 73.2784         1242.17 
540     25      759.636         406.124 77.2753         1332.69 
541     25      559.616         382.772 18.4519         1186.8  
542     25      764.36          345.306 21.0826         1233.65 
543     25      545.065         386.925 -20.5782        1073.47 
544     25      775.415         372.98  10.1211         1228.37 
545     25      583.14          442.312 18.6373         1246.42 
546     25      600.789         384.657 5.34754         1216.86 
547     25      673.612         340.882 44.2751         1188.54 
548     25      702.285         405.464 4.50432         1201.95 
549     25      716.285         374.631 16.6765         1189.45 
550     25      593.917         448.349 3.22516         1277.72 
551     25      649.428         372.134 -45.365         1146.35 
552     25      685.783         366.39  30.5586         1168.35 
553     25      632.465         381.251 -7.02528        1222.89 
554     25      591.137         401.555 10.9402         1159.81 
555     25      683.026         386.544 -12.2532        1178.64 
556     25      735.595         358.953 18.3263         1270.95 
557     25      756.915         350.363 -8.16759        1161.43 
558     25      770.097         340.883 18.9762         1176.55 
559     25      753.812         351.068 14.0051         1192.91 
560     25      742.647         422.278 -4.19243        1205.93 
561     25      666.836         313.547 -1.29276        1146.77 
562     25      753.917         396.993 21.9753         1227.85 
563     25      654.905         332.782 8.3289          1142.39 
564     25      693.947         427.368 -73.2225        1146.98 
565     25      704.558         404.555 -18.0701        1156.86 
566     25      593.616         320.94  4.80528         1128.46 
567     25      662.834         432.152 -11.5996        1186.07 
568     25      733.317         401.366 89.0172         1167.16 
569     25      839.78          379.44  56.3202         1243.71 
570     25      696.514         449.792 -6.1063         1241.7  
571     25      637.166         379.045 -0.924991       1234.79 
572     25      795.971         405.837 18.8681         1231.05 
573     25      666.93          361.879 -18.7419        1200.61 
574     25      632.045         376.238 -6.11164        1221.17 
575     25      433.827         400.496 0.505475        1240.32 
576     25      736.31          417.402 22.5469         1277.17 
577     25      566.669         398.337 12.1751         1196.33 
578     25      820.542         351.849 198.29          1218.87 
579     25      584.548         347.6   1.7594          1320.26 
580     25      812.823         323.438 319.317         1220.72 
581     25      659.131         401.853 29.8324         1219.99 
582     25      557.368         397.005 32.842          1291.56 
583     25      675.402         351.676 -0.996314       1210.41 
584     25      731.84          347.202 72.8632         1204.55 
585     25      622.402         379.765 35.7232         1181.09 
586     25      594.374         367.097 31.5281         1167.85 
587     25      640.972         419.632 1.11721         1460.06 
588     25      631.878         333.357 7.04592         1235.9  
589     25      755.439         371.314 167.196         1290.17 
590     25      675.9           351.616 60.8152         1198.56 
591     25      473.482         375.753 -4.9584         1234.3  
592     25      656.901         390.927 -12.4104        1375.91 
593     25      670.876         346.589 95.1202         1310.51 
594     25      696.45          360.54  64.4296         1145.72 
595     25      488.998         351.297 -0.951128       1165.81 
596     25      641.815         348.651 38.7651         1187.64 
597     25      580.653         349.834 24.5342         1115.94 
598     25      608.784         334.766 40.0603         1266.53 
599     25      660.938         363.408 27.854          1242.59 
600     25      838.112         371.575 78.7367         1219.21 
601     25      621.178         415.531 -1.32209        1199.03 
602     25      615.048         366.937 29.6251         1152.59 
603     25      780.59          358.308 73.5365         1225.7  
604     25      553.052         385.372 -1.15563        1161.1  
605     25      592.27          393.281 9.7763          1204.6  
606     25      571.669         321.446 -23.5901        1092.02 
607     25      579.073         371.274 10.1408         1237.3  
608     25      543.096         393.132 7.07156         1132.78 
609     25      531.052         389.907 -15.2138        1205.33 
610     25      527.455         380.319 6.48729         1136.99 
611     25      668.168         392.055 77.7942         1239.36 
612     25      751.23          390.254 30.5475         1159.36 
613     25      618.848         358.628 11.3705         1105.37 
614     25      613.024         372.29  3.62046         1180.04 
615     25      565.114         370.337 32.4627         1213.73 
616     25      745.052         359.941 53.2649         1186.35 
617     25      563.324         409.179 -9.53649        1195.85 
618     25      657.886         356.281 72.1616         1163.6  
619     25      551.894         367.621 12.5047         1175.03 
620     25      500.965         404.697 -2.39768        1204.15 
621     25      476.415         335.628 36.7678         1203.83 
622     25      578.616         367.297 14.9262         1151.88 
623     25      619.287         413.428 3.39113         1178.67 
624     25      665.603         388.304 32.2794         1229.66 
625     25      621.737         425.765 18.2726         1213.6  
626     25      568.086         442.004 -4.23008        1221.76 
627     25      543.929         382.237 30.3704         1345.61 
628     25      660.34          396.184 17.5003         1227.29 
629     25      576.161         396.092 8.10704         1253.6  
630     25      577.486         412.896 9.5155          1210.92 
631     25      582.433         361.734 5.95785         1089.69 
632     25      649.401         335.138 68.1846         1107.36 
633     25      686.617         408.543 14.9222         1296.66 
634     25      627.178         384.539 28.4929         1174.29 
635     25      673.431         363.465 41.4789         1184.12 
636     25      505.006         412.159 -0.681422       1097.93 
637     25      727.297         374.765 49.7486         1130.18 
638     25      571.123         351.231 11.7183         1086.22 
639     25      575.988         387.491 38.0906         1074.35 
640     25      442.464         371.744 11.9417         1159.89 
641     25      508.989         304.581 50.5261         1131.18 
642     25      491.482         312.054 11.6125         1061.97 
643     25      580.53          403.907 2.34432         1159.33 
644     25      508.499         416.095 -34.5208        1190.54 
645     25      613.214         400.152 37.0542         1193.88 
646     25      595.443         359.649 29.8535         1128.83 
647     25      710.703         377.21  -7.63053        1256.71 
648     25      612.648         411.619 6.06978         1228.97 
649     25      673.005         398.941 -5.22276        1186.93 
650     25      674.008         441.666 23.775          1309.66 
651     25      593.805         397.19  25.3362         1256.39 
652     25      787.892         405.907 32.1183         1261.48 
653     25      704.109         398.715 49.2075         1205.75 
654     25      598.917         475.624 17.7704         1259.64 
655     25      499.002         400.754 -3.79356        1214.04 
656     25      595.343         433.885 26.8502         1240.66 
657     25      497.744         361.021 23.569          1146.03 
658     25      645.388         420.306 4.24079         1160.3  
659     25      638.954         480.546 12.416          1291.79 
660     25      681.001         431.187 29.5905         1207.64 
661     25      695.185         442.926 -0.632342       1251.9  
662     25      705.089         418.023 53.7835         1248.97 
663     25      750.047         338.925 39.9046         1219.39 
664     25      720.343         453.761 -0.128674       1269.95 
665     25      620.609         400.969 25.0511         1193.51 
666     25      511.604         439.73  4.22885         1189.98 
667     25      771.343         424.887 14.5054         1238.65 
668     25      623.573         415.756 2.78266         1220.69 
669     25      405.836         301.22  19.098          1171.26 
670     25      642.838         413.587 32.0392         1336.63 
671     25      690.915         428.66  21.6737         1232.18 
672     25      780.807         403.079 6.89879         1269.45 
673     25      768.844         373.701 21.9686         1212.21 
674     25      590.02          389.533 23.1795         1170.84 
675     25      558.833         353.666 28.0539         1168.83 
676     25      547.91          396.506 -35.6663        1166.41 
677     25      662.787         415.287 24.8209         1257.55 
678     25      526.875         318.04  32.9162         1079.06 
679     25      631.403         426.018 17.3826         1240.88 
680     25      495.197         395.741 -5.73836        1223.99 
681     25      584.185         395.81  -7.9427         1247.78 
682     25      543.141         350.781 38.2123         1326.49 
683     25      467.609         349.193 3.59195         1090.31 
684     25      422.437         307.523 10.734          1192.02 
685     25      419.492         320.598 21.4171         1170.73 
686     25      436.917         343.384 -9.85409        1132.87 
687     25      562.452         371.107 22.8879         1168.7  
688     25      510.352         370.126 -15.7646        1184    
689     25      508.601         372.108 12.7262         1176.85 
690     25      471.839         350.667 -3.446          1262.96 
691     25      636.641         421.435 -0.550405       1238.82 
692     25      580.946         461.069 0.481838        1261.65 
693     25      582.734         357.789 18.17           1258.77 
694     25      521.281         342.164 -0.687749       1133.18 
695     25      679.027         370.54  97.8627         1393.53 
696     25      641.23          402.561 32.6878         1283.91 
697     25      565.674         461.334 15.7472         1299.97 
698     25      588.404         417.258 3.61191         1337    
699     25      581.544         352.522 53.7348         1207.87 
700     25      517.619         395.757 31.0134         1313.94 
701     25      504.994         363.374 16.7833         1194.64 
702     25      564.024         385.135 8.68724         1314.78 
703     25      416.434         393.414 13.0772         1208.76 
704     25      424.702         394.987 6.74585         1347.99 
705     25      494.44          400.817 28.5399         1203.1  
706     25      494.053         425.12  3.58227         1237.44 
707     25      383.738         344.8   -26.7149        1125.85 
708     25      646.706         474.569 -4.06054        1305.24 
709     25      664.4           403.082 16.7269         1259.85 
710     25      507.902         344.789 9.86182         1143.4  
711     25      583.332         377.159 20.0849         1250.94 
712     25      533.534         388.45  27.8053         1092.75 
713     25      523.517         414.112 12.9708         1145.95 
714     25      577.315         360.106 11.9496         1136.37 
715     25      533.22          369.729 21.5865         1247.62 
716     25      376.001         306.296 -75.8464        1071.83 
717     25      407.235         384.434 -1.00815        1191.85 
718     25      448.504         401.826 3.92613         1170.4  
719     25      557.665         398.121 -9.54201        1130.43 
720     25      407.001         295.199 1.43035         1090.92 
721     25      495.895         373.838 12.2277         1146.41 
722     25      475.66          393.803 -20.7198        1147.87 
723     25      524.524         435.374 -23.4929        1294.49 
724     25      379.266         396.353 -18.286         1178.16 
725     25      385.017         401.276 -13.0277        1381.72 
726     25      545.652         371.988 -2.46663        1152.37 
727     25      609.246         395.308 25.6575         1286.21 
728     25      319.831         271.794 2.01432         794.797 
729     25      601.726         399.809 34.2438         1213.82 
730     25      381.84          397.784 -12.6591        1156.49 
731     25      495.402         456.874 -3.23818        1215.78 
732     25      531.536         430.368 12.3788         1252.86 
733     25      494.638         411.038 10.1847         1132.73 
734     25      558.381         344.845 29.9753         1208.06 
735     25      431.55          394.615 -2.35397        1371.01 
736     25      379.905         390.637 -8.32324        1158.86 
737     25      342.322         379.09  -0.900672       1079.01 
738     25      458.905         453.611 0.901161        1107.87 
739     25      644.887         372.448 34.5523         1246.65 
740     25      461.571         332.446 17.9699         1167.26 
741     25      484.119         397.261 -39.9307        1167.85 
742     25      561.482         416.948 35.4554         1194.17 
743     25      523.218         352.154 34.6604         1210.06 
744     25      478.44          355.554 35.1303         1110.51 
745     25      586.33          374.699 29.9101         1176.92 
746     25      514.086         394.153 33.5275         1190.05 
747     25      562.439         338.653 32.0301         1231.07 
748     25      544.305         401.274 16.292          1267.7  
749     25      506.871         388.489 26.8674         1156.39 
750     25      435.039         403.045 24.2009         1110.36 
751     25      523.259         309.772 44.2617         1083.48 
752     25      618.755         395.077 52.3094         1309.18 
753     25      406.069         290.582 6.72833         1053.23 
754     25      498.678         313.161 30.762          1050.14 
755     25      611.634         332.76  11.6537         1151.12 
756     25      558.406         373.766 26.3294         1143.81 
757     25      412.68          282.227 16.9679         1052.52 
758     25      470.806         387.793 41.1188         1151.54 
759     25      552.655         371.599 28.8987         1160.23 
760     25      591.547         378.836 36.433          1169.71 
761     25      492.454         341.177 48.6437         1158.41 
762     25      526.139         367.8   24.4383         1259.47 
763     25      596.231         365.534 60.6773         1217.15 
764     25      444.068         330.2   11.6802         1063.33 
765     25      629.147         354.428 -18.0168        1234.27 
766     25      530.068         351.55  59.1748         1146.56 
767     25      499.435         393.598 9.46248         1254.97 
768     25      510.071         418.254 -23.744         1229.58 
769     25      594.057         358.765 27.2327         1147.31 
770     25      569.381         399.725 41.6639         1289.88 
771     25      481.84          340.183 58.6585         1175.07 
772     25      449.405         359.343 36.1705         1145.02 
773     25      458.716         396.548 -8.47611        1153.99 
774     25      477.766         383.942 41.8021         1240.62 
775     25      538.668         343.275 37.3967         1206.63 
776     25      615.136         383.253 6.40032         1327.21 
777     25      652.74          404.566 86.9374         1249.27 
778     25      614.113         380.184 48.5588         1269.44 
779     25      712.296         384.333 43.1561         1226.75 
780     25      731.308         329.182 134.83          1123.91 
781     25      602.858         387.404 34.5628         1238.06 
782     25      597.402         365.226 39.1013         1197.7  
783     25      620.667         378.089 1.8193          1126.25 
784     25      652.973         425.378 16.9303         1226.18 
785     25      527.078         360.756 69.7758         1135.72 
786     25      647.779         328.523 51.9744         1231.07 
787     25      578.808         399.927 23.7156         1171.35 
788     25      598.597         369.093 34.4397         1157.05 
789     25      559.674         343.912 107.652         1214.54 
790     25      681.02          344.169 210.845         1254.22 
791     25      663.647         348.308 269.14          1223.84 
792     25      699.812         374.84  11.2897         1232.36 
793     25      556.265         400.029 1.0659          1212.98 
794     25      609.866         359.635 32.9266         1204.29 
795     25      598.075         341.594 70.8114         1220.22 
796     25      526.892         373.937 42.8111         1269.21 
797     25      552.669         408.895 34.0585         1319.53 
798     25      688.555         404.69  14.5992         1172.27 
799     25      590.123         336.172 44.8371         1275.6  
800     25      472.647         365.859 38.3891         1183.16 
801     25      593.103         378.024 18.2001         1201.03 
802     25      510.415         275.215 26.1174         1131.48 
803     25      458.587         270.435 40.1045         1105.89 
804     25      481.453         320.291 70.3172         1172.99 
805     25      505.234         324.21  32.8273         1159.45 
806     25      576.188         365.973 34.0339         1188.36 
807     25      616.112         364.682 9.59587         1121.59 
808     25      569.387         331.262 54.3546         1192.98 
809     25      642.598         366.192 33.2441         1373.92 
810     25      667.42          366.226 37.0218         1245.23 
811     25      558.023         312.492 143.571         1221.13 
812     25      559.247         401.518 1.20143         1191.34 
813     25      617.668         422.571 15.1979         1233.57 
814     25      430.843         353.863 30.3281         1125.02 
815     25      589.645         353.869 48.3811         1159.5  
816     25      662.938         376.115 34.0541         1156.27 
817     25      581.18          358.077 38.6269         1083.98 
818     25      489.858         398.691 10.5297         1328.26 
819     25      565.589         390.032 39.5871         1107.06 
820     25      602.657         364.833 9.00894         1081.41 
821     25      684.002         374.493 29.894          1184.07 
822     25      671.548         340.535 250.02          1155.18 
823     25      677.456         397.143 22.5544         1171.27 
824     25      604.931         363.95  154.606         1379.39 
825     25      654.927         376.942 72.872          1323.87 
826     25      641.395         365.315 42.7478         1179.98 
827     25      659.963         401.417 27.8798         1169.15 
828     25      699.572         364.372 235.626         1212.55 
829     25      666.19          386.042 46.4666         1178.89 
830     25      612.984         377.102 61.3508         1143.74 
831     25      720.113         347.474 19.4213         1130.56 
832     25      642.621         364.067 18.5278         1132.85 
833     25      792.23          338.917 330.76          1266.66 
834     25      577.532         405.284 32.6486         1238.35 
835     25      587.13          366.702 20.9498         1138.84 
836     25      851.316         384.039 24.0883         1254.89 
837     25      575.779         398.209 24.6215         1144.72 
838     25      608.047         370.828 44.1723         1140.35 
839     25      657.066         351.932 29.8801         1174.99 
840     25      752.196         328.311 141.166         1157.39 
841     25      855.192         356.11  34.3445         1176.65 
842     25      700.115         368.264 35.7224         1179.45 
843     25      732.624         359.55  50.3148         1197.24 
844     25      606.845         390.641 6.51361         1199.87 
845     25      642.59          319.055 68.8583         1197.39 
846     25      592.735         357.95  46.4233         1200.81 
847     25      745.668         369.16  31.774          1212.67 
848     25      673.018         315.784 240.643         1274.03 
849     25      641.623         383.376 29.9534         1154.96 
850     25      697.362         404.836 15.9628         1181.26 
851     25      660.308         405.12  38.145          1287.38 
852     25      747.028         393.243 34.9216         1187.94 
853     25      725.421         423.731 19.127          1240.63 
854     25      650.883         361.266 42.1845         1182.8  
855     25      682.368         387.667 27.0865         1203.32 
856     25      570.208         322.582 17.2997         1071.2  
857     25      569.45          425.983 16.915          1200.75 
858     25      661.379         388.559 23.0081         1181.21 
859     25      578.242         464.939 39.3384         1265.08 
860     25      614.051         338.346 77.374          1221.37 
861     25      738.899         359.445 48.0229         1173.06 
862     25      598.235         382.994 24.8381         1207.79 
863     25      567.249         434.005 25.2862         1299.81 
864     25      646.968         428.67  16.4323         1154.7  
865     25      681.846         451.604 16.7562         1243.93 
866     25      624.627         417.067 14.9477         1155.8  
867     25      635.335         411.379 22.4267         1123.11 
868     25      689.979         419.07  0.728976        1170.38 
869     25      640.414         423.259 30.0206         1183.68 
870     25      655.178         384.125 26.6318         1268.88 
871     25      616.802         398.448 16.6516         1174.33 
872     25      561.574         358.689 11.3869         1170.15 
873     25      721.83          406.072 12.966          1190.08 
874     25      772.967         365.057 44.218          1243.17 
875     25      773.825         381.919 66.6223         1209.05 
876     25      810.471         356.936 42.4931         1233.84 
877     25      752.727         391.961 19.2432         1173.26 
878     25      680.838         385.228 62.6894         1324.53 
879     25      553.055         442.819 19.5501         1167.74 
880     25      567.951         454.504 24.0399         1189    
881     25      512.711         410.546 10.4269         1161.95 
882     25      649.151         348.842 114.738         1202.35 
883     25      645.073         361.909 45.4153         1163.98 
884     25      498.632         414.96  17.8857         1117.62 
885     25      551.355         389.019 20.8244         1135.13 
886     25      735.779         377.971 69.7701         1198.9  
887     25      802.118         401.46  50.484          1310.32 
888     25      701.703         384.354 -22.393         1201.19 
889     25      775.509         400.883 12.3211         1203.37 
890     25      803.989         348.466 12.1578         1110.88 
891     25      734.931         348.695 76.2395         1263.23 
892     25      818.354         398.312 14.3078         1311.82 
893     25      667.117         469.228 1.71084         1338.79 
894     25      753.411         391.377 42.1252         1265.19 
895     25      741.221         457.281 35.4551         1333.69 
896     25      773.341         401.479 31.9229         1284    
897     25      667.512         425.454 13.0726         1229.49 
898     25      767.334         322.428 117.888         1273.04 
899     25      700.032         471.445 30.1942         1362.67 
900     25      466.507         390.285 11.4204         1240.38 
901     25      562.257         400.362 37.9551         1176.55 
902     25      612.764         446.75  11.0425         1353.87 
903     25      740.741         425.8   26.0198         1294.39 
904     25      499.944         443.9   2.53696         1289.46 
905     25      553.794         401.436 55.8359         1182.36 
906     25      470.103         352.425 24.7082         1130.76 
907     25      656.033         401.997 31.9548         1294.62 
908     25      625.422         408.214 46.7916         1158.69 
909     25      602.436         411.038 15.1906         1192.49 
910     25      682.481         460.562 25.9641         1206.85 
911     25      593.143         412.252 66.7511         1225.52 
912     25      610.837         420.874 12.3525         1221.15 
913     25      640.212         392.745 33.1923         1194.46 
914     25      562.181         319.099 26.6503         1181.74 
915     25      404.012         356.001 26.219          1075.87 
916     25      561.597         417.688 9.05725         1223.46 
917     25      501.224         342.157 17.0181         1123.16 
918     25      637.2           357.478 53.9102         1223.46 
919     25      526.79          376.36  20.753          1146.53 
920     25      544.069         359.704 22.7145         1208.36 
921     25      617.636         437.634 6.30044         1305.34 
922     25      688.902         359.779 82.0685         1246.14 
923     25      628.555         424.365 17.9917         1308.18 
924     25      462.213         284.613 22.6855         1200.52 
925     25      579.523         379.596 20.6948         1139.95 
926     25      451.588         344.821 31.8302         1171.28 
927     25      717.395         355.202 66.9322         1313.82 
928     25      559.368         345.796 10.8192         1184.52 
929     25      620.616         350.93  71.1435         1224.75 
930     25      434.083         317.81  22.9312         1136.84 
931     25      619.456         351.438 43.2377         1278.18 
932     25      488.433         326.112 47.4704         1173.28 
933     25      632.153         353.185 70.9041         1287.33 
934     25      580.247         403.81  55.7348         1229.56 
935     25      689.559         335.162 124.306         1192.33 
936     25      653.123         405.748 51.9427         1239.83 
937     25      702.005         383.739 28.2256         1188.22 
938     25      741.405         388.885 11.67           1272.69 
939     25      704.733         281.262 262.776         1233.55 
940     25      522.186         356.418 54.7687         1188.66 
941     25      665.839         345.008 101.902         1203.3  
942     25      552.786         372.013 55.5691         1187    
943     25      734.171         350.683 172.3           1216.26 
944     25      805.052         299.688 327.657         1209.43 
945     25      485.634         394.04  2.46632         1200.99 
946     25      578.903         313.147 20.3275         1095.78 
947     25      589.844         413.652 42.7885         1146.96 
948     25      655.15          367.455 42.0097         1215.07 
949     25      538.987         354.195 3.73467         1128.24 
950     25      753.715         380.105 21.084          1298.83 
951     25      583.473         355.637 21.8937         1220.63 
952     25      754.371         358.968 42.9763         1122.06 
953     25      615.607         374.551 -22.4418        1166.86 
954     25      743.933         359.161 60.6499         1182.2  
955     25      654.147         370.033 36.0816         1127.5  
956     25      757.698         360.722 53.5965         1218.91 
957     25      706.434         419.4   18.0583         1258.05 
958     25      574.306         313.466 36.9887         1116.99 
959     25      749.714         333.5   154.857         1223.58 
960     25      508.729         408.678 15.0306         1099.61 
961     25      738.359         370.238 26.6979         1231.01 
962     25      543.343         355.493 15.9264         1175.51 
963     25      608.168         378.672 33.1969         1196.06 
964     25      658.844         372.726 30.3123         1157.35 
965     25      693.81          417.414 58.5039         1283.72 
966     25      723.744         431.308 42.7052         1217.95 
967     25      663.214         406.832 42.0209         1422.65 
968     25      520.182         400.357 20.3235         1223.06 
969     25      462.803         395.044 -15.3182        1177.1  
970     25      650.499         429.542 32.2186         1339.1  
971     25      639.381         491.08  14.6851         1320.55 
972     25      645.515         453.517 15.2112         1359.06 
973     25      517.041         382.574 -24.6801        1283.4  
974     25      499.986         419.486 23.3544         1308.57 
975     25      543.462         430.151 3.41873         1254.37 
976     25      504.674         447.837 11.1784         1288.02 
977     25      694.907         425.609 26.7724         1239.94 
978     25      522.963         447.679 9.88159         1135.96 
979     25      609.089         463.369 19.4109         1205.56 
980     25      678.789         423.965 4.97971         1230.37 
981     25      616.533         410.263 48.5178         1290.64 
982     25      624.959         417.198 21.6143         1187.54 
983     25      699.524         403.111 34.7971         1168.64 
984     25      580.118         409.58  -22.2479        1185.09 
985     25      658.135         389.978 39.5213         1181.16 
986     25      827.357         375.801 88.4529         1300.43 
987     25      693.613         433.256 -5.2184         1246.31 
988     25      699.945         407.959 8.90832         1191.59 
989     25      675.65          471.531 1.76802         1260.41 
990     25      589.474         426.838 9.86506         1232.61 
991     25      537.181         434.934 19.7778         1247.36 
992     25      784.6           389.461 30.7047         1275.02 
993     25      827.928         429.931 -3.89797        1304.41 
994     25      577.216         413.375 4.67329         1234.67 
995     25      738.455         372.093 103.665         1340.69 
996     25      606.022         361.576 20.2294         1451.2  
997     25      690.021         456.249 5.97056         1272.05 
998     25      638.702         423.085 -1.22757        1264.01 
999     25      670.063         402.246 8.5374          1422.37 
1000    25      582.331         390.156 15.1101         1360.86 
1001    25      641.45          370.559 24.4158         1347.67 
1002    25      635.316         401.323 43.5304         1206.31 
1003    25      528.751         333.774 48.2676         1264.56 
1004    25      611.413         441.536 -2.74107        1405.31 
1005    25      545.291         416.122 2.20063         1214.44 
1006    25      581.635         416.233 37.9192         1263.08 
1007    25      585.245         369.149 17.3896         1254.94 
1008    25      417.017         300.379 26.8873         1200.08 
1009    25      628.107         447.038 25.8665         1332.23 
1010    25      374.262         359.064 18.4995         1261.25 
1011    25      511.283         399.177 23.4794         1289.06 
1012    25      480.63          407.767 1.53181         1183.43 
1013    25      500.897         339.315 25.8648         1126.53 
1014    25      521.772         401.029 22.6038         1259.03 
1015    25      549.266         421.843 13.0762         1263.09 
1016    25      640.181         376.135 16.3062         1184.41 
1017    25      639.487         408.19  7.43564         1285.19 
1018    25      646.612         380.237 18.5821         1210.43 
1019    25      550.834         418.763 10.0482         1151.15 
1020    25      506.932         412.636 25.126          1249.49 
1021    25      532.621         408.979 12.5698         1145.47 
1022    25      531.522         351.11  52.2954         1213.89 
1023    25      573.929         373.314 9.71164         1156.83 
1024    25      639.133         416.814 17.6877         1200.96 
1025    25      538.439         456.03  -5.96058        1210.54 
1026    25      502.512         429.892 7.5215          1177.39 
1027    25      756.901         378.835 29.6882         1130.68 
1028    25      644.582         421.487 3.09239         1215.73 
1029    25      719.067         406.534 12.5279         1250.72 
1030    25      654.478         426.93  1.76003         1230.41 
1031    25      659.792         427.456 5.98599         1188.34 
1032    25      619.513         414.289 -11.7662        1145.42 
1033    25      538.093         424.614 10.9073         1302.73 
1034    25      802.815         409.788 28.286          1250.88 
1035    25      673.283         460.187 -0.132194       1342.49 
1036    25      568.344         421.593 -1.50058        1187.43 
1037    25      554.633         428.096 16.2147         1196.63 
1038    25      647.803         367.1   26.5615         1138.21 
1039    25      638.41          377.101 30.5978         1271.1  
1040    25      678.524         398.493 13.0337         1189.99 
1041    25      803.916         353.784 16.5289         1127.17 
1042    25      714.691         313.034 171.717         1234.19 
1043    25      673.74          398.855 22.6285         1185.89 
1044    25      660.181         385.763 19.4391         1226.26 
1045    25      541.05          384.612 5.58515         1091.52 
1046    25      566.325         380.693 48.5519         1193.26 
1047    25      661.538         378.568 24.7838         1165.28 
1048    25      616.83          386.943 27.5945         1221.81 
1049    25      691.319         341.247 23.5128         1232.61 
1050    25      624.909         422.154 31.4542         1180.73 
1051    25      437.601         387.09  8.15502         1132.38 
1052    25      532.521         413.018 -5.49575        1269.31 
1053    25      600.88          399.693 26.7186         1277.52 
1054    25      428.237         366.164 -8.57418        1209.02 
1055    25      649.131         352.935 50.3731         1192.63 
1056    25      510.379         428.441 4.04136         1276.03 
1057    25      463.529         360.468 -5.78576        1224.99 
1058    25      474.713         395.403 8.59501         1168.66 
1059    25      467.975         339.563 10.5325         1195.03 
1060    25      477.15          412.65  7.99508         1199.81 
1061    25      607.785         367.126 22.5866         1268.61 
1062    25      623.858         420.728 9.01735         1316.29 
1063    25      449.29          347.743 8.51615         1130.46 
1064    25      521.583         375.868 21.028          1180.48 
1065    25      592.797         359.556 91.5799         1266.64 
1066    25      824.137         401.244 -15.7031        1255.63 
1067    25      635.978         361.862 -2.97361        1209.68 
1068    25      576.489         336.955 64.2726         1210.85 
1069    25      547.289         386.099 36.2973         1174.66 
1070    25      585.194         381.024 23.8849         1155.2  
1071    25      629.267         401.932 -1.54442        1219.23 
1072    25      567.193         415.699 0.418306        1472.6  
1073    25      478.919         407.057 -5.43967        1160.94 
1074    25      591.661         444.65  9.20865         1261.7  
1075    25      716.999         377.152 -6.83266        1209.91 
1076    25      506.123         388.509 -16.3793        1198.82 
1077    25      647.957         358.712 54.444          1195.42 
1078    25      594.134         353.856 31.8377         1158.28 
1079    25      570.369         380.878 47.8544         1182.17 
1080    25      620.214         347.572 14.0084         1145.64 
1081    25      673.854         385.179 42.2735         1188.35 
1082    25      663.387         407.742 10.623          1236.77 
1083    25      533.198         401.614 24.9937         1209.59 
1084    25      478.361         364.717 24.5535         1223.34 
1085    25      629.311         427.461 18.8752         1297.87 
1086    25      690.718         384.214 -2.88955        1257.86 
1087    25      546.923         327.79  21.8195         1118.94 
1088    25      592.691         336.468 40.3508         1193.97 
1089    25      483.437         394.755 -32.193         1300.6  
1090    25      516.195         408.961 -7.35708        1160.04 
1091    25      628.542         442.697 -10.5268        1320.49 
1092    25      543.229         410.143 -28.4336        1195.09 
1093    25      682.776         425.911 5.05482         1185.8  
1094    25      456.566         411.035 8.42555         1126.12 
1095    25      713.461         452.229 21.4026         1281.81 
1096    25      568.476         437.894 -12.9777        1164.28 
1097    25      696.481         428.186 -7.46571        1202.06 
1098    25      716.448         404.397 -4.04914        1219.36 
1099    25      531.547         440.261 0.287563        1206.78 
1100    25      604.542         405.748 13.331          1274.05 
1101    25      626.793         412.988 20.7348         1231.95 
1102    25      636.486         377.773 18.4561         1296.83 
1103    25      516.521         365.114 -2.10954        1151.67 
1104    25      701.74          372.799 -3.82624        1200.4  
1105    25      587.201         412.28  0.133879        1193    
1106    25      629.03          394.588 21.1179         1180.38 
1107    25      710.62          355.365 33.4161         1214.53 
1108    25      708.554         386.893 40.4909         1207.13 
1109    25      742.816         359.631 242.718         1229.97 
1110    25      659.09          407.483 45.4636         1211.48 
1111    25      606.422         417.763 -3.13104        1222.53 
1112    25      580.986         387.267 14.4159         1211.9  
1113    25      588.979         389.7   4.08837         1293.93 
1114    25      574.006         369.78  -4.95005        1277.47 
1115    25      584.913         402.876 18.7545         1212.42 
1116    25      739.507         357.061 30.3793         1184.5  
1117    25      548.277         379.438 43.0989         1158.29 
1118    25      507.174         312.467 93.649          1124.04 
1119    25      557.517         327.324 9.61122         1165.68 
1120    25      444.05          312.553 34.9834         1156.01 
1121    25      638.968         372.626 -12.4777        1249.64 
1122    25      580.634         264.048 140.915         1149.56 
1123    25      519.773         364.758 27.2414         1303.79 
1124    25      519.628         286.407 90.1771         1144.04 
1125    25      597.641         354.696 25.6673         1134.17 
1126    25      501.06          342.555 18.6926         1200.4  
1127    25      640.867         319.95  70.587          1112.87 
1128    25      570.713         404.173 -1.96728        1265.5  
1129    25      602.273         387.057 22.9631         1137.8  
1130    25      633.275         363.818 69.3095         1163.73 
1131    25      683.422         372.029 22.7094         1250.88 
1132    25      632.78          375.79  66.7405         1247.67 
1133    25      632.383         368.92  0.923607        1232.49 
1134    25      472.946         329.167 61.7344         1141.42 
1135    25      524.617         352.78  24.8616         1213.92 
1136    25      538.857         344.306 31.3951         1197.62 
1137    25      463.481         358.272 45.1411         1227.5  
1138    25      583.922         351.251 13.5641         1155.81 
1139    25      640.314         445.301 -6.17012        1309.83 
1140    25      459.585         272.634 8.48164         1023.29 
1141    25      490.042         384.736 9.21686         1189.51 
1142    25      495.613         341.419 42.7876         1126.89 
1143    25      412.642         293.736 12.3263         1118.47 
1144    25      492.19          283.317 50.2364         1113.81 
1145    25      498.575         304.326 47.2125         1166.17 
1146    25      406.75          314.371 15.6169         1201.07 
1147    25      444.794         348.395 -15.3993        1116.84 
1148    25      323.286         213.769 26.4873         759.973 
1149    25      543.415         326.497 59.5364         1204.88 
1150    25      560.254         362.063 17.9299         1244.07 
1151    25      429.794         291.292 52.5601         1106.69 
1152    25      467.789         330.397 1.05805         1172.1  
1153    25      396.725         339.978 25.5863         1150.34 
1154    25      483.014         326.202 96.7745         1111.02 
1155    25      501.356         293.33  57.4916         1127.14 
1156    25      467.159         286.488 21.3237         1146.84 
1157    25      456.479         316.879 8.5578          1103.88 
1158    25      536.949         388.398 43.0694         1273.52 
1159    25      524.347         299.299 78.149          1179.65 
1160    25      621.407         354.739 38.612          1250.58 
1161    25      601.555         365.717 30.8108         1340.26 
1162    25      504.275         254.737 39.8869         1050.82 
1163    25      567.414         334.8   10.1486         1204.45 
1164    25      509.293         399.181 31.8572         1315.89 
1165    25      613.757         310.532 27.628          1041.21 
1166    25      639.13          342.34  54.5907         1179.88 
1167    25      670.22          350.788 -7.34075        1183.46 
1168    25      427.569         334.148 18.8204         1144.33 
1169    25      583.469         273.89  187.03          1177.24 
1170    25      433.048         251.253 33.5338         1071.93 
1171    25      440.318         264.925 57.7041         1038.22 
1172    25      488.913         325.127 37.2205         1213.47 
1173    25      505.095         374.027 16.697          1253.18 
1174    25      329.155         241.478 24.0804         1190.26 
1175    25      506.671         354.3   28.86           1109.03 
1176    25      423.854         345.195 25.7914         1142.14 
1177    25      462.724         293.465 14.2816         1055.49 
1178    25      482.073         392.177 17.0641         1179.35 
1179    25      579.342         305.601 68.8835         1072.64 
1180    25      542.925         334.077 31.1315         1117.47 
1181    25      479.34          320.32  42.3277         1142.34 
1182    25      367.187         257.402 26.4518         989.821 
1183    25      489.316         314.774 16.4368         1092.03 
1184    25      407.019         349.935 1.56667         1181.1  
1185    25      434.386         257.761 87.5571         1080.84 
1186    25      549.659         328.433 74.2542         1133.18 
1187    25      466.934         265.908 75.313          1032.45 
1188    25      459.473         267.612 20.6523         1133.4  
1189    25      437.794         285.311 57.36           1060.46 
1190    25      524.417         316.528 59.031          1135.52 
1191    25      552.205         360.184 12.5172         1291.93 
1192    25      626.922         313.41  155.197         1180.88 
1193    25      557.645         392.117 50.0185         1378.28 
1194    25      601.978         370.36  14.8127         1265.94 
1195    25      534.139         374.955 60.9045         1229.28 
1196    25      507.912         318.688 66.7657         1140.18 
1197    25      507.203         338.055 10.0808         1065.35 
1198    25      563.886         379.774 41.7479         1149.61 
1199    25      663.962         304.813 255.567         1198    
1200    25      486.573         329.296 24.219          1093.51 
1201    25      623.437         326.621 110.429         1163.59 
1202    25      561.276         292.168 36.3032         1212.44 
1203    25      489.328         287.017 107.869         1143.02 
1204    25      535.742         313.621 4.18342         1096.99 
1205    25      575.418         356.454 16.6043         1215.78 
1206    25      626.584         350.228 13.0339         1145.61 
1207    25      739.004         382.244 29.0456         1301.27 
1208    25      560.559         307.712 41.2406         1121.44 
1209    25      460.899         340.485 36.783          1099.84 
1210    25      461.703         274.794 56.0853         1069.45 
1211    25      555.72          356.382 23.4061         1164.24 
1212    25      565.235         361.278 33.0047         1207.98 
1213    25      502.179         290.771 27.1593         1127.09 
1214    25      533.172         323.395 20.0418         1206.14 
1215    25      558.983         342.844 1.57251         1176.42 
1216    25      575.394         349.051 118.466         1320.48 
1217    25      475.28          300.128 54.7817         1117.61 
1218    25      611.765         366.656 32.9199         1224.73 
1219    25      579.267         349.413 24.1163         1200.62 
1220    25      518.898         332.536 60.7382         1196.04 
1221    25      444.877         229.629 50.2417         1129.66 
1222    25      506.952         334.25  39.7034         1253.57 
1223    25      605.174         343.348 65.6371         1134.26 
1224    25      488.117         343.422 11.4615         1187.22 
1225    25      519.221         355.948 -0.427905       1092.71 
1226    25      606.555         330.871 111.316         1203.2  
1227    25      526.651         350.244 51.4319         1157.38 
1228    25      519.56          250.992 104.052         1083.16 
1229    25      490.856         321.022 3.21669         986.42  
1230    25      411.883         266.087 15.1754         1086.42 
1231    25      605.986         336.019 -2.6955         1135.16 
1232    25      540.694         321.04  79.6308         1131.26 
1233    25      518.906         303.069 22.9163         1125.26 
1234    25      460.714         324.264 16.4021         1110.97 
1235    25      524.469         289.561 53.9204         1112.62 
1236    25      628.188         339.785 28.9801         1186.7  
1237    25      485.385         338.425 2.03939         1174.56 
1238    25      502.458         329.241 20.462          1153.17 
1239    25      505.932         364.376 26.543          1248.78 
1240    25      502.311         269.493 77.372          1054.61 
1241    25      555.005         338.081 -10.9831        1123.2  
1242    25      589.689         328.43  19.3046         1164.63 
1243    25      642.063         340.564 182.679         1184.72 
1244    25      575.324         346.686 132.711         1271.69 
1245    25      646.234         337.96  43.0538         1113.89 
1246    25      577.867         329.837 25.7145         1226.14 
1247    25      606.178         326.718 104.781         1152.92 
1248    25      588.388         286.801 103.689         1147.01 
1249    25      574.389         361.157 15.4873         1157.28 
1250    25      460.146         281.114 -40.1515        1065.48 
1251    25      481.346         327.648 27.4283         1085.19 
1252    25      434.065         283.152 26.0168         1158.86 
1253    25      462.516         314.329 40.2346         1188.87 
1254    25      472.095         297.947 34.2457         1064.8  
1255    25      502.068         339.394 64.7985         1120.89 
1256    25      571.087         320.825 34.5811         1001.94 
1257    25      521.529         288.793 165.895         1185.32 
1258    25      614.743         287.298 62.3291         1074.99 
1259    25      479.723         338.815 19.0565         1231    
1260    25      492.486         303.133 22.1828         1074.37 
1261    25      408.309         278.848 17.0218         1118.55 
1262    25      499.614         316.986 56.1496         1080.96 
1263    25      526.458         358.934 11.4017         1202.4  
1264    25      616.975         319.909 109.737         1145.79 
1265    25      509.572         288.298 54.807          1016.37 
1266    25      325.624         278.454 -2.03464        1141.32 
1267    25      492.699         349.213 -14.2589        1205.4  
1268    25      419.978         289.721 5.90768         1126.96 
1269    25      491.612         392.819 -9.82293        1132.64 
1270    25      494.389         313.713 30.9024         999.904 
1271    25      546.64          342.966 43.6476         1073.55 
1272    25      494.435         303.353 7.4412          1001.51 
1273    25      424.247         314.676 32.2237         1060.5  
1274    25      548.665         326.557 5.58664         1064.37 
1275    25      551.593         350.049 53.1068         1128    
1276    25      493.735         361.071 22.1132         1176.08 
1277    25      443.825         287.852 -6.58544        1143.4  
1278    25      643.592         286.609 40.1784         1059.73 
1279    25      587.128         268.149 5.94269         1009.08 
1280    25      450.355         275.536 38.5953         1175.25 
1281    25      472.959         340.927 16.8055         1073.46 
1282    25      726.948         331.197 41.2137         1182.11 
1283    25      593.653         309.242 83.0233         1164.63 
1284    25      748.759         299.982 264.774         1172.63 
1285    25      600.515         320.072 20.0254         1103.64 
1286    25      535.848         314.044 17.2424         1128.41 
1287    25      665.899         357.957 12.1937         1203.95 
1288    25      561.46          353.576 37.26           1179.51 
1289    25      665.368         311.794 173.783         1088.61 
1290    25      639.964         286.112 63.9757         1069    
1291    25      715.15          322.869 78.1598         1154.53 
1292    25      639.025         328.114 29.0973         1295.97 
1293    25      619.78          314.692 181.868         1266.41 
1294    25      532.904         345.63  38.9151         1197.32 
1295    25      559.208         362.304 28.1316         1201.51 
1296    25      638.702         314.524 140.481         1193.56 
1297    25      662.527         311.347 66.1541         1112.48 
1298    25      570.905         334.664 26.5334         1097.74 
1299    25      497.977         314.216 42.6009         1125.86 
1300    25      601.418         315.727 28.2306         1169.31 
1301    25      668.552         358.102 113.941         1195.96 
1302    25      455.822         309.712 14.5261         1259.77 
1303    25      633.105         349.394 51.639          1176.75 
1304    25      543.335         345.327 24.8161         1162.05 
1305    25      526.43          353.753 4.41908         1086.01 
1306    25      624.407         358.602 47.5358         1206.95 
1307    25      577.97          319.033 31.5112         1136.4  
1308    25      533.225         294.441 66.0323         1070.6  
1309    25      520.883         317.778 0.0564938       1083.48 
1310    25      566.812         337.084 -6.66198        1075.47 
1311    25      622.977         316.658 92.9144         1086.6  
1312    25      518.766         317.952 4.54556         1119.51 
1313    25      581.483         303.565 55.251          1064.11 
1314    25      584.07          308.009 19.674          1163.07 
1315    25      548.306         314.114 64.5811         1259.57 
1316    25      586.977         321.87  37.7631         1126.71 
1317    25      605.056         342.268 54.4608         1200.82 
1318    25      478.921         274.435 27.0086         1084.56 
1319    25      492.544         304.161 60.5617         1170.31 
1320    25      466.438         294.592 123.021         1075.13 
1321    25      564.136         289.259 198.484         1100.04 
1322    25      579.798         278.832 70.311          1079.12 
1323    25      557.854         342.079 23.454          1139.75 
1324    25      502.838         336.54  20.7103         1044.48 
1325    25      560.956         303.171 60.9628         1175.77 
1326    25      467.101         279.765 11.944          1023.87 
1327    25      477.854         353.575 20.339          1148.01 
1328    25      664.482         366.065 8.28084         1080.32 
1329    25      559.814         313.405 9.03105         1133.66 
1330    25      590.164         368.328 54.9574         1126.34 
1331    25      528.714         293.386 -13.5381        979.286 
1332    25      559.312         308.133 15.0637         1148.81 
1333    25      572.347         336.521 11.9735         1206.41 
1334    25      527.717         336.556 3.64785         1037.79 
1335    25      541.281         330.962 65.5296         1212.02 
1336    25      505.385         319.446 36.3204         1017.64 
1337    25      382.583         314.938 8.39094         1008.1  
1338    25      417.707         244.158 31.0271         1002.64 
1339    25      488.79          308.475 70.0103         1131.79 
1340    25      432.224         288.639 -13.1644        986.965 
1341    25      418.701         259.523 7.27059         992.176 
1342    25      590.12          335.533 -2.68084        1074.32 
1343    25      480.959         273.699 32.0198         1120.99 
1344    25      477.664         298.486 38.5176         1125.36 
1345    25      612.207         333.358 23.5165         1091.83 
1346    25      542.617         304.013 48.3341         1056.58 
1347    25      642.342         262.735 259.386         1070.88 
1348    25      505.113         314.749 2.25477         1108.51 
1349    25      556.139         296.172 42.6293         1093.16 
1350    25      544.841         303.988 31.5853         1043.61 
1351    25      686.093         355.245 52.4446         1175.08 
1352    25      621.358         280.027 13.7118         1041.27 
1353    25      495.105         383.845 5.38067         1115.14 
1354    25      675.999         344.363 84.6761         1177.83 
1355    25      586.934         389.705 23.2333         1192.43 
1356    25      575.309         331.328 36.3957         1149.1  
1357    25      539.011         342.709 -2.12215        1096.32 
1358    25      495.355         360.507 -19.8085        1154.05 
1359    25      592.651         326.815 156.412         1068.65 
1360    25      548.219         380.343 35.1606         1194.12 
1361    25      571.717         360.061 15.1875         1176.37 
1362    25      636.968         316.359 10.0867         1033.4  
1363    25      526.185         309.182 8.22974         1089.66 
1364    25      549.121         296.593 33.6371         1125.7  
1365    25      666.623         358.418 11.0368         1176    
1366    25      471.627         275.548 9.87638         1132.82 
1367    25      512.643         310.603 56.3553         1106.34 
1368    25      614.69          336.188 172.806         1144.48 
1369    25      436.175         266.183 21.6657         1073.21 
1370    25      504.441         305.986 19.7562         1053.01 
1371    25      684.224         367.014 39.1998         1172.39 
1372    25      716.709         343.526 17.726          1127    
1373    25      583.338         334.586 17.2105         1225.74 
1374    25      558.921         370.463 14.8608         1204.4  
1375    25      597.847         351.606 8.23696         1240.57 
1376    25      496.24          327.103 -21.7219        1086.19 
1377    25      480.854         389.885 8.86651         1218.9  
1378    25      524.229         351.503 -23.9857        1148.39 
1379    25      489.539         316.973 2.16131         1137.67 
1380    25      451.378         312.876 13.6567         1129.97 
1381    25      605.749         366.703 78.4219         1181.17 
1382    25      373.438         302.164 2.0067          1074.46 
1383    25      415.506         247.098 38.0412         1062.17 
1384    25      523.045         355.369 48.6708         1140.36 
1385    25      477.057         309.258 34.7019         1243.96 
1386    25      537.751         389.984 -4.37805        1354.39 
1387    25      454.991         273.733 18.1837         1148.75 
1388    25      475.469         325.543 -2.29372        1079.06 
1389    25      535.366         356.207 27.378          1165.58 
1390    25      559.55          410.102 22.1363         1201.73 
1391    25      550.807         324.815 35.787          1180.25 
1392    25      456.446         280.914 6.71182         1049.03 
1393    25      481.03          307.935 -7.22834        1085.23 
1394    25      371.675         291.142 20.5552         1009.34 
1395    25      533.774         408.225 -0.184163       1238.53 
1396    25      495.266         293.005 -18.5911        1130.61 
1397    25      453.379         334.726 31.9845         1107.7  
1398    25      425.541         334.454 9.90046         1067.58 
1399    25      595.065         353.347 41.0647         1229.2  
1400    25      476.375         297.106 57.8695         1150.2  
1401    25      542.951         280.627 25.1055         1031.25 
1402    25      422.726         246.972 21.0331         1001.34 
1403    25      545.403         321.66  66.0823         1034.14 
1404    25      539.686         325.09  175.906         1229.96 
1405    25      577.625         297.17  221.19          1130.49 
1406    25      550.141         306.794 43.1205         1068.21 
1407    25      499.313         333.117 27.8065         1093.51 
1408    25      535.638         293.666 -0.646259       1081.98 
1409    25      482.247         255.652 230.769         1117.41 
1410    25      489.919         310.774 19.8272         1207.75 
1411    25      567.465         326.581 33.1805         1154.91 
1412    25      571.946         336.412 2.16945         1111.67 
1413    25      641.617         356.459 52.5238         1117.19 
1414    25      521.063         314.246 63.3575         1143.97 
1415    25      731.194         388.351 16.6732         1452.39 
1416    25      529.145         265.012 236.936         1093.11 
1417    25      584.57          358.219 24.2826         1264.67 
1418    25      485.135         331.526 -11.762         1137.18 
1419    25      531.927         383.006 41.6833         1224.22 
1420    25      586.006         394.595 24.9818         1288.5  
1421    25      463.823         283.732 42.2015         1198.35 
1422    25      562.606         366.213 69.2284         1102.8  
1423    25      526.149         340.842 33.2598         1210.35 
1424    25      538.076         298.88  212.032         1126.39 
1425    25      529.822         323.349 23.3397         1105.45 
1426    25      616.643         347.497 55.1727         1186.19 
1427    25      743.204         339.19  235.774         1247.37 
1428    25      523.358         311.954 32.5035         1094.7  
1429    25      587.745         359.55  38.4541         1149.65 
1430    25      566.645         339.793 45.9154         1212.89 
1431    25      509.227         327.981 6.71929         1092.87 
1432    25      616.176         310.918 209.317         1132.03 
1433    25      664.921         307.437 202.393         1139.75 
1434    25      591.812         356.148 41.7507         1196.5  
1435    25      558.475         340.132 26.7123         1111.58 
1436    25      566.457         386.327 -6.01014        1122.07 
1437    25      633.975         342.382 69.3162         1149    
1438    25      694.482         310.336 4.60775         1132.24 
1439    25      652.705         329.183 35.8542         1186.7  
1440    25      581.331         345.817 76.1027         1201.25 
1441    25      473.727         326.976 -19.0817        1068.27 
1442    25      575.097         379.913 16.1383         1131.91 
1443    25      627.854         354.346 -15.312         1217.15 
1444    25      565.312         330.822 -27.6963        1084.89 
1445    25      525.616         301.262 28.5439         1042.02 
1446    25      631.49          352.515 -17.484         1118.38 
1447    25      498.907         333.848 15.7379         1238.3  
1448    25      381.35          292.619 10.7856         1055.81 
1449    25      619.996         365.558 4.97557         1108.14 
1450    25      654.947         353.436 18.3078         1156.39 
1451    25      550.392         356.579 -3.83949        1165.47 
1452    25      700.709         352.123 30.9274         1160.18 
1453    25      592.564         375.768 48.4079         1145.56 
1454    25      545.198         384.967 -17.4559        1176.01 
1455    25      529.819         347.765 13.5774         1190.29 
1456    25      559.027         385.932 6.36994         1296.27 
1457    25      681.214         369.552 70.6109         1193.42 
1458    25      662.15          319.848 80.389          1202.54 
1459    25      510.181         332.436 28.9685         1149.72 
1460    25      521.123         353.717 40.4499         1218.79 
1461    25      606.659         315.242 68.1562         1170.12 
1462    25      569.531         356.355 39.9449         1199.1  
1463    25      531.217         352.15  21.0994         1249.52 
1464    25      515.585         366.612 37.1441         1132.51 
1465    25      597.787         369.692 4.89641         1254.57 
1466    25      427.009         334.153 15.296          1167.96 
1467    25      476.916         338.392 1.78099         1143.05 
1468    25      597.148         330.52  41.2044         1151.52 
1469    25      551.05          370.209 23.8675         1180.84 
1470    25      482.625         347.546 10.5175         1166.98 
1471    25      630.064         401.297 12.1875         1287.96 
1472    25      552.157         330.5   43.1783         1231.94 
1473    25      529             305.407 82.2103         1283.1  
1474    25      628.48          300.79  54.9553         1090.62 
1475    25      591.261         339.317 18.8263         1315.26 
1476    25      665.76          417.357 22.6127         1192.43 
1477    25      534.787         315.177 59.3654         1090.32 
1478    25      469.968         323.91  76.6847         1287.69 
1479    25      659.929         403.316 34.4763         1272.54 
1480    25      528.155         348.909 56.9223         1417.06 
1481    25      463.234         349.377 3.75658         1146.44 
1482    25      605.832         327.255 16.3576         1149.7  
1483    25      578.991         386.334 47.0637         1239.35 
1484    25      502.539         358.464 24.8638         1283.1  
1485    25      532.732         339.745 42.072          1130.95 
1486    25      579.024         396.545 4.05015         1290.85 
1487    25      534.654         314.386 46.3264         1143.86 
1488    25      521.854         348.681 -9.60945        1132.42 
1489    25      586.121         400.057 25.8338         1150.21 
1490    25      575.404         276.807 149.253         1111.1  
1491    25      448.444         272.527 11.6194         936.2   
1492    25      482.262         342.057 15.4311         1244.93 
1493    25      558.347         287.695 109.425         1192.31 
1494    25      529.482         396.989 6.85719         1193.72 
1495    25      489.785         320.917 85.1693         1085.59 
1496    25      492.939         278.034 14.8782         1179.84 
1497    25      438.49          337.358 16.6978         1279.23 
1498    25      478.744         332.169 19.0038         1132.81 
1499    25      471.472         368.915 -6.14867        1163.64 
Time elapsed: 1711.577476978302
Number of steps: 1272853

