gen     nevals  avg             std     min             max    
0       25      -653.948        152.642 -1057.61        -447.57
1       25      -589.665        169.879 -833.272        54.1092
2       25      -638.522        109.477 -923.124        -411.289
3       25      -603.88         79.0521 -735.849        -445.432
4       25      -602.114        116.956 -825.422        -283.307
5       25      -632.027        109.199 -1004.7         -385.517
6       25      -656.325        156.357 -1106.56        -390.035
7       25      -629.02         90.9784 -787.823        -366.296
8       25      -621.164        95.9778 -793.019        -396.751
9       25      -617.933        127.225 -841.348        -393.491
10      25      -577.185        100.672 -853.843        -397.286
11      25      -574.784        139.197 -826.382        -330.745
12      25      -565.816        98.1751 -744.479        -381.913
13      25      -534.058        100.327 -716.37         -355.978
14      25      -499.582        84.6905 -621.511        -289.421
15      25      -466.162        83.2645 -625.281        -283.103
16      25      -425.969        101.454 -629.254        -235.89 
17      25      -438.455        122.03  -714.797        -177.775
18      25      -438.266        122.745 -698.876        -217.142
19      25      -486.814        138.954 -881.63         -266.114
20      25      -438.201        87.0941 -643.35         -211.741
21      25      -419.795        131.289 -790.963        -147.229
22      25      -406.28         104.959 -635.19         -202.653
23      25      -398.458        149.993 -667.685        -60.7851
24      25      -374.335        112.608 -579.159        -164.607
25      25      -377.876        151.774 -744.627        -37.0416
26      25      -352.751        126.066 -650.602        -132.727
27      25      -365.137        116.973 -598.796        -108.017
28      25      -273.383        97.3351 -441.688        -19.7729
29      25      -331.349        142.669 -791.065        -55.1621
30      25      -264.818        150.614 -482.638        161.524 
31      25      -223.691        188.76  -915.784        92.0738 
32      25      -262.38         215.793 -572.644        329.274 
33      25      -222.823        168.298 -486.989        226.994 
34      25      -201.677        234.563 -525.838        657.622 
35      25      -151.839        228.761 -500.575        372.727 
36      25      -76.1976        250.835 -595.918        441.1   
37      25      -133.523        211.573 -558.712        272.634 
38      25      -147.25         194.601 -438.177        406.386 
39      25      -55.5764        252.09  -514.378        374.639 
40      25      35.49           326.537 -489.064        816.597 
41      25      -0.722957       245.695 -453.073        437.292 
42      25      82.4429         371.358 -393.895        963.357 
43      25      46.4214         314.687 -354.31         871.739 
44      25      127.726         321.523 -392.655        711.753 
45      25      234.563         368.047 -354.118        972.383 
46      25      277.164         360.241 -273.15         967.959 
47      25      192.644         352.492 -387.88         911.511 
48      25      410.477         300.067 -225.562        974.311 
49      25      256.644         365.016 -355.564        987.502 
50      25      449.423         373.059 -398.086        1062.26 
51      25      375.102         389.174 -431.464        996.076 
52      25      289.982         411.101 -343.51         1043.63 
53      25      353.17          465.016 -386.636        1266.55 
54      25      476.882         450.087 -392.378        1396.99 
55      25      463.802         445.573 -285.614        1454.76 
56      25      499.902         399.978 -377.423        1051.51 
57      25      438.633         519.652 -480.557        1213.65 
58      25      497.131         317.351 -232.262        1150.86 
59      25      414.359         403.995 -414.733        1360.97 
60      25      444.121         392     -345.335        1096.15 
61      25      219.631         421.325 -591.242        931.972 
62      25      299.759         441.818 -457.754        1000.95 
63      25      436.699         509.96  -539.389        1121.45 
64      25      366.114         385.602 -368.237        1070.41 
65      25      344.327         567.714 -546.697        1663.32 
66      25      472.681         512.784 -421.253        1321.89 
67      25      673.897         542.661 -458.886        1720.73 
68      25      659.589         647.992 -548.6          1501.94 
69      25      889.976         572.013 -462.07         1690.1  
70      25      797.132         616.188 -423.183        1609.06 
71      25      723.83          649.374 -623.682        1548.04 
72      25      785.036         637.428 -512.705        2164.44 
73      25      880.409         585.211 -281.731        1802.21 
74      25      731.76          589.443 -275.181        1798.21 
75      25      895.102         480.604 -321.433        1635.65 
76      25      793.263         511.322 -372.138        1709.42 
77      25      719.677         600.58  -364.632        1798.21 
78      25      725.804         547.083 -272.23         1626.74 
79      25      783.591         552.135 -363.98         1710    
80      25      841.556         536.992 -604.886        1629.25 
81      25      631.325         637.611 -402.448        1768.82 
82      25      834.333         674.969 -399.935        2019.43 
83      25      1090.64         689.782 -367.311        1878.6  
84      25      1168.23         439.911 49.2872         2023.21 
85      25      1387.52         460.791 431.119         2229.13 
86      25      1147.1          601.532 -92.912         1929.44 
87      25      1228.17         677.145 -250.543        2040.67 
88      25      1400            640.099 -105.678        2181.97 
89      25      1343.64         803.372 -315.467        2173.58 
90      25      1259.58         687.51  -224.722        2126.78 
91      25      1352.5          665.996 -542.396        2197.69 
92      25      1547.08         454.095 329.516         2199.1  
93      25      1355.87         478.802 54.3065         2029.76 
94      25      1605.39         567.546 -260.419        2366.64 
95      25      1580.08         657.749 -254.364        2227.49 
96      25      1452.02         707.788 -371.396        2422.91 
97      25      1403.86         643.722 -234.664        2130.77 
98      25      1517.12         726.384 -329.821        2346.63 
99      25      1568.63         577.566 -163.937        2172.02 
100     25      1529.96         653.421 -621.464        2186.26 
101     25      1384.41         636.472 -81.2926        2154.96 
102     25      1646.03         612.028 -163.523        2285.35 
103     25      1690.53         616.242 -237.805        2299.05 
104     25      1646.55         452.541 502.252         2396.01 
105     25      1776.18         339.44  873.408         2264.2  
106     25      1688.32         553.583 132.473         2238.38 
107     25      1427.95         627.667 6.7676          2038.91 
108     25      1634.58         628.173 -555.289        2350.65 
109     25      1746.41         582.707 -175.631        2281.02 
110     25      1913.18         417.835 -3.86329        2263.46 
111     25      1901.3          361.941 557.991         2415.26 
112     25      1690.94         580.11  -323.515        2351.41 
113     25      1557.11         436.749 625.919         2341.92 
114     25      1814.16         327.507 712.304         2244.88 
115     25      1557.49         704.019 -498.634        2318.76 
116     25      1642.33         651.972 -580.057        2213.3  
117     25      1699.13         608.234 -195.532        2238.44 
118     25      1565.52         569.268 60.1996         2254.06 
119     25      1638.42         618.295 -424.751        2275.63 
120     25      1404.46         705.809 -116.409        2394.5  
121     25      1674.87         546.542 -239.322        2369.69 
122     25      1627.04         598.982 -246.109        2316.19 
123     25      1439.94         615.538 197.617         2226.17 
124     25      1469.84         711.368 -294.802        2204.49 
125     25      1491.3          613.331 -556.641        2092.56 
126     25      1469.64         624.754 -389.957        2189.58 
127     25      1573.68         709.923 -23.1491        2379.62 
128     25      1854.23         319.019 1006.4          2279.46 
129     25      1742.35         514.111 -75.4949        2312.86 
130     25      1743.61         434.454 452.95          2287.71 
131     25      1611.91         642.61  12.4165         2398.96 
132     25      1665.52         532.253 13.8847         2161.05 
133     25      1557.34         748.671 -203.907        2252.91 
134     25      1631.15         676.631 42.1141         2313.34 
135     25      1884.68         439.209 660.956         2475.02 
136     25      1797.81         440.335 -7.98747        2199.21 
137     25      1834.14         431.943 317.68          2300.76 
138     25      1899.55         388.56  173.422         2375.56 
139     25      1813.62         428.665 325.112         2239.55 
140     25      1723.87         585.327 -352.378        2322.24 
141     25      1769.37         441.655 359.183         2340.98 
142     25      1658.24         650.206 -449.327        2313.36 
143     25      1404.32         655.341 -245.321        2199.05 
144     25      1681.66         439.973 548.915         2277.67 
145     25      1586.04         529.886 -284.023        2095.32 
146     25      1600.7          654.741 -95.6137        2252.52 
147     25      1763.72         423.554 703.41          2418.94 
148     25      1560.78         729.872 -432.309        2232.82 
149     25      1725.73         464.953 142.585         2276.8  
150     25      1548.17         787.456 -436.108        2246.72 
151     25      1882.93         229.151 1301.09         2233.67 
152     25      1788.83         486.337 288.293         2373.1  
153     25      1838.88         373.991 581.707         2305.76 
154     25      1777.29         522.249 -349.439        2188.86 
155     25      1712.06         692.297 -383.253        2262.12 
156     25      1982.67         250.481 1083.15         2317.89 
157     25      1819.95         409.285 38.5224         2354.71 
158     25      1870.45         385.152 216.04          2245.46 
159     25      1756.49         538.988 78.7182         2273.72 
160     25      1815.2          620.985 -186.398        2387.25 
161     25      1690.52         475.195 158.79          2227.7  
162     25      1683.52         662.8   -360.578        2185.6  
163     25      1355.45         854.698 -180.391        2342.96 
164     25      1526.7          776.586 -349.365        2299.22 
165     25      1687.77         485.939 371.231         2170.13 
166     25      2008.68         237.106 1508.03         2532.34 
167     25      1712.72         544.812 52.7132         2351.05 
168     25      1898.74         258.471 1313.27         2373.72 
169     25      1688.8          628.313 -318.98         2390.92 
170     25      1749.99         598.837 -321.986        2436.63 
171     25      1782.6          402.737 329.21          2282.8  
172     25      1681.16         512.605 -312.981        2283.08 
173     25      1761.42         571.428 92.3286         2403.2  
174     25      1856.88         504.938 -190.723        2287.01 
175     25      1867.85         277.208 1124.53         2203.34 
176     25      1866.39         387.964 593.994         2305.91 
177     25      1958.18         222.025 1167.92         2231.96 
178     25      1835.68         329.102 911.403         2232.04 
179     25      1973.55         183.479 1406.88         2278.24 
180     25      1886.7          309.883 700.084         2225.43 
181     25      1917.61         270.238 1382.11         2346.78 
182     25      1899.41         389.387 311.631         2339.92 
183     25      1871.09         255.894 1056.61         2207.11 
184     25      1758.06         540.932 -162.766        2385.23 
185     25      1965.97         185.555 1626.06         2377.99 
186     25      1894.84         241.462 1373.1          2293.02 
187     25      1781.7          568.277 -342.254        2264.56 
188     25      1939.49         258.888 1315.79         2301.4  
189     25      1980.25         238.352 1012.31         2223.42 
190     25      1839.61         502.753 -405.98         2260.72 
191     25      1811.82         568.99  -235.516        2321.2  
192     25      1942.04         307.115 1030.56         2338.7  
193     25      1937.14         289.854 1397.89         2430.78 
194     25      1998.53         163.087 1559.73         2279.65 
195     25      2001.24         205.483 1446.68         2341.86 
196     25      1771.73         615.309 -7.01551        2422.69 
197     25      1984.51         158.521 1560.38         2258.35 
198     25      1915.14         435.784 86.1239         2300.84 
199     25      1840.56         432.403 78.7033         2204.4  
200     25      2002.57         292.594 1010.21         2403.77 
201     25      1914.45         427.221 847.626         2351.86 
202     25      1934.86         429.85  104.647         2595.4  
203     25      2006.14         195.459 1591.59         2443.03 
204     25      1894.96         413.752 390.224         2374.31 
205     25      2021.56         265.065 1206.38         2284.59 
206     25      1788.65         600.104 -263.831        2266.93 
207     25      1926.51         425.791 332.146         2295.18 
208     25      1892.99         464.309 422.577         2375.11 
209     25      1930.59         275.146 1305.44         2342.03 
210     25      1803.14         609.912 -379.213        2421.86 
211     25      1971.35         296.873 878.086         2327.45 
212     25      2006.07         233.274 1284.38         2474.67 
213     25      1882.48         334.33  823.947         2260.48 
214     25      2028.06         491.683 -286.436        2367.66 
215     25      1974.39         313.581 716.448         2298.86 
216     25      1946.04         439.874 143.798         2400.65 
217     25      1941.41         452.403 69.6097         2450.22 
218     25      2018.35         245.85  1272.7          2442.98 
219     25      1825.55         452.662 471.396         2297.08 
220     25      1813.79         354.303 555.046         2291.05 
221     25      1874.4          331.645 936.397         2235.47 
222     25      1832.64         449.741 360.568         2314.74 
223     25      1808.39         571.784 -355.941        2280.8  
224     25      2012.35         306.998 753.817         2450.89 
225     25      1993.91         236.473 1163.9          2348.62 
226     25      1892.42         298.749 967.328         2363.64 
227     25      1944.54         292.591 934.843         2402.61 
228     25      1935.91         284.141 894.812         2220.01 
229     25      2025.45         247.773 1381.14         2365.24 
230     25      1905.3          399.675 353.431         2305.89 
231     25      1986.38         213.539 1587.94         2373.24 
232     25      1711.38         591.586 123.236         2239.68 
233     25      1783.07         555.317 -351.551        2382.5  
234     25      1879            511.273 88.9615         2502.35 
235     25      1801.38         628.007 -116.952        2341.95 
236     25      1962.37         271.618 903.092         2427.08 
237     25      1927.16         484.437 -382.561        2275.13 
238     25      2074.62         151.318 1741.68         2415.54 
239     25      2009.71         185.179 1417.72         2246.38 
240     25      1855.28         361.453 381.903         2249.13 
241     25      1917.53         459.056 99.6228         2421.4  
242     25      1832.02         558.798 -183.275        2343.36 
243     25      1943.34         378.826 346.457         2361.6  
244     25      2007.62         270.959 1199.22         2376.06 
245     25      2002.1          331.258 625.323         2487.01 
246     25      1898.83         470.6   -255.624        2304.24 
247     25      1820.16         454.09  157.027         2292.23 
248     25      1713.37         695.737 -327.556        2342.12 
249     25      1645.06         554.153 -249.317        2204.31 
250     25      1525.51         734.223 -140.357        2210.53 
251     25      1886.56         514.103 -362.723        2348.52 
252     25      1736.47         654.235 -259.068        2244.83 
253     25      1784.57         570.763 65.5516         2283.1  
254     25      1922.14         393.108 803.881         2337.58 
255     25      1996.86         312.789 675.273         2326.5  
256     25      1895.74         491.015 111.679         2432.15 
257     25      1835.09         349.194 672.275         2216.19 
258     25      1789.71         503.585 284.171         2376.68 
259     25      1705.97         675.262 -48.7828        2440.6  
260     25      1730.36         600.709 -390.332        2165.21 
261     25      1904.6          504.272 -88.4853        2369.96 
262     25      1869.34         367.488 867.242         2325.4  
263     25      1941.14         520.9   -396.859        2436.44 
264     25      1892.95         502.139 -143.787        2439.39 
265     25      1877.91         445.774 331.554         2273.67 
266     25      1976.8          189.415 1416.57         2467.71 
267     25      2010.2          255.824 1061.21         2507.23 
268     25      2027.51         212.768 1642.9          2373.97 
269     25      1959.53         373.589 371.801         2353.85 
270     25      1997.91         156.346 1764.82         2460.87 
271     25      2039.62         162.203 1732.64         2319.6  
272     25      1956.93         225.656 1217.5          2220.43 
273     25      2013.62         379.634 293.56          2463.83 
274     25      1997.28         372.068 516.832         2419.01 
275     25      2046.39         144.012 1668.12         2341.41 
276     25      1776.77         481.644 239.939         2260.15 
277     25      1935.24         375.022 233.056         2244.25 
278     25      1970.23         166.214 1648.7          2301.14 
279     25      1979.43         259.276 1124.1          2394.19 
280     25      1944.4          318.086 763.056         2349.9  
281     25      1834.87         531.498 108.525         2323.8  
282     25      2033.37         185.811 1547.66         2383.78 
283     25      1861.49         563.569 -214.826        2549.28 
284     25      1911.02         504.159 -341.993        2342.15 
285     25      1932.13         185.363 1477.09         2257.84 
286     25      1891.45         298.314 686.827         2322.85 
287     25      1817.33         484.33  108.504         2301.23 
288     25      1840.37         443.977 -93.8495        2308.83 
289     25      1822.2          615.288 -40.3136        2335.29 
290     25      1758.4          584.201 -170.414        2287.8  
291     25      1828.43         296.797 907.566         2443.88 
292     25      1671.71         508.553 330.212         2238.51 
293     25      1732.33         599.554 46.1115         2272.43 
294     25      1908.92         380.687 431.569         2536.77 
295     25      1752.81         599.889 -426.513        2406.3  
296     25      1944.58         245.767 1132.38         2326.91 
297     25      1832.05         368.01  392.633         2250.04 
298     25      1915.93         217.631 1298.06         2226.51 
299     25      1826.54         510.713 -354.404        2233.21 
300     25      1791.72         595.038 -377.94         2286.39 
301     25      1873.41         449.879 -6.99929        2394.46 
302     25      1701.8          591.199 73.6156         2324.95 
303     25      1783.69         629.535 -348.471        2298.74 
304     25      1809.29         392.26  -2.2384         2070.98 
305     25      1843.78         247.149 922.798         2238.08 
306     25      1861            427.621 364.811         2358.84 
307     25      1906.3          200.101 1461.2          2250.25 
308     25      1906.78         251.409 1279.8          2185.86 
309     25      1930.33         148.925 1643.14         2214.14 
310     25      1991.38         439.124 532.262         2298.84 
311     25      1923.45         387.25  227.773         2280.19 
312     25      1959.03         259.53  1005            2429.14 
313     25      1892.52         245.096 1094.87         2208.62 
314     25      1938.93         259.911 1245            2544.65 
315     25      1845.01         347.007 673.59          2161.25 
316     25      1749.05         569.827 117.735         2445.97 
317     25      2075.28         152.588 1728.86         2331    
318     25      1910.47         449.416 174.987         2404.16 
319     25      1947.5          169.841 1655.31         2210.54 
320     25      1831.32         492.97  203.251         2371.11 
321     25      1956.98         417.806 199.226         2404.49 
322     25      1951.65         305.326 1003.61         2399.5  
323     25      2026.27         158.557 1628.24         2236.14 
324     25      1920.65         335.955 543.446         2357.63 
325     25      1925.79         479.572 -181.93         2583.49 
326     25      1921.81         428.832 270.236         2419.24 
327     25      2001.81         145.365 1780.71         2251.59 
328     25      2066.38         160.466 1711.47         2333.91 
329     25      2035.17         171.294 1767.71         2434.36 
330     25      1908.32         372.418 675.936         2297.82 
331     25      1804.03         651.588 -221.007        2375.71 
332     25      1802.98         595.873 -259.765        2341.91 
333     25      1990.44         279.945 897.125         2305.51 
334     25      1986.76         422.12  113.332         2454.56 
335     25      2001.75         251.958 1494.01         2426.93 
336     25      2066.65         161.874 1793.1          2349.71 
337     25      1913.24         643.265 -247.057        2475    
338     25      2024.75         178.388 1414.35         2284.01 
339     25      1903.21         460.351 571.101         2508.93 
340     25      2061.72         216.087 1253.94         2344.74 
341     25      1924.64         473.876 -208.697        2358.28 
342     25      1914.09         524.403 -503.691        2364.22 
343     25      1745.38         704.146 -236.259        2270.06 
344     25      2037.39         172.997 1613.14         2343.67 
345     25      2002            337.63  661.794         2411.15 
346     25      1976.1          359.38  469.465         2317.73 
347     25      2094.73         281.028 1017.81         2550.06 
348     25      2012.66         174.147 1649.61         2351.09 
349     25      1978.65         355.784 717.998         2382.18 
350     25      1842.66         479.354 -139.656        2194.13 
351     25      1957.71         512.609 305.288         2434.35 
352     25      1986.69         481.399 -193.358        2476.13 
353     25      1995.47         401.094 185.946         2343.14 
354     25      2025.89         434.934 -21.6312        2317.67 
355     25      2125.94         172.875 1868.98         2458.93 
356     25      2107.91         212.594 1521.07         2665.11 
357     25      1987.01         252.362 1113.38         2378.19 
358     25      2007.88         338.312 479.341         2332.36 
359     25      1859.71         550.53  136.74          2392.68 
360     25      2028.59         197.056 1702.85         2370.86 
361     25      2020.52         369.584 415.362         2373.37 
362     25      1892.33         495.743 366.978         2420.78 
363     25      2147.16         217.838 1372.57         2453.69 
364     25      2034.69         246.304 1278.97         2408.48 
365     25      1956.25         550.079 -342.952        2441.3  
366     25      1793.34         425.606 948.603         2307.3  
367     25      1976.21         409.042 410.648         2490.92 
368     25      2111.45         173.998 1821.93         2575.49 
369     25      2071.8          232.568 1406.49         2478.08 
370     25      1954.06         501.16  127.631         2423.76 
371     25      1965.63         449.047 114.909         2405.12 
372     25      1985.99         290.734 1084.76         2365.49 
373     25      2013.34         388.193 900.634         2500.02 
374     25      2008.36         467.349 -107.205        2420.61 
375     25      1928.86         567.474 -111.907        2370    
376     25      2090.89         114.095 1771.9          2317.47 
377     25      1817.97         477.295 357.31          2350.25 
378     25      1934.67         605.961 -412.381        2438.73 
379     25      1857.47         597.53  -704.77         2325.45 
380     25      1925.55         545.489 -363.253        2446.89 
381     25      2010.68         404.143 594.18          2405.18 
382     25      2074.82         214.553 1295            2334.93 
383     25      2050.03         405.285 185.782         2374.63 
384     25      1986.44         342.734 624.775         2299.6  
385     25      2070.76         183.195 1528.15         2369.32 
386     25      1894.75         596.287 17.9184         2356.09 
387     25      2037.1          212.017 1537.07         2445.61 
388     25      2018            181.798 1556.41         2265.46 
389     25      2085.32         184.399 1688.45         2496.73 
390     25      1966.84         424.473 85.3213         2395.75 
391     25      1919.74         449.412 412.617         2354.3  
392     25      1878.87         420.113 339.972         2457.49 
393     25      1959.24         512.836 -290.201        2388.59 
394     25      2109.65         210.539 1386.1          2513.04 
395     25      1802.66         735.791 -108.557        2367.78 
396     25      1905.35         628.983 77.0341         2427.65 
397     25      2109.18         203.838 1462.54         2574.12 
398     25      1933.89         505.958 -117.116        2359.86 
399     25      2040.86         522.802 -301.002        2512.82 
400     25      2032.89         336.32  1054.95         2518.65 
401     25      1823.4          531.846 406.816         2362.75 
402     25      1831.64         588.28  -72.3997        2408.48 
403     25      1976.74         325.062 751.588         2298.64 
404     25      2000.68         333.782 747.691         2455.45 
405     25      1952.61         334.018 955.657         2499.62 
406     25      2090.86         327.954 634.98          2329.75 
407     25      2098.19         300.329 894.437         2394.82 
408     25      2122.71         286.359 993.01          2519.38 
409     25      2136.42         190.664 1794.99         2553.95 
410     25      2040.92         153.298 1508.37         2292.9  
411     25      2029.27         420.93  509.55          2403.27 
412     25      2035.57         344.201 878.223         2483.38 
413     25      2068.67         227.243 1505.84         2422.83 
414     25      2096.83         254.232 1249.17         2424.1  
415     25      1988.57         424.493 140.212         2321    
416     25      2011.14         528.211 -247.744        2364.47 
417     25      2017.14         288.615 1159.04         2292.04 
418     25      2012.14         416.571 521.752         2435.08 
419     25      1990.9          399.54  328.649         2474.74 
420     25      1867.52         561.246 -209.602        2392.39 
421     25      1986.14         468.501 -108.807        2492.75 
422     25      2078.89         178.058 1745.39         2367.51 
423     25      1951.94         493.44  -170.879        2435.8  
424     25      2053.98         271.142 1052.52         2465.36 
425     25      1955.57         459.665 -48.7278        2370.16 
426     25      1720.29         642.092 -309.234        2370.4  
427     25      1851.51         498.239 162.572         2526.18 
428     25      1988.33         563.539 84.7252         2492.62 
429     25      2031.09         214.674 1538.74         2466.84 
430     25      1883.13         503.189 350.496         2291.55 
431     25      2007.39         319.396 1284.51         2486.31 
432     25      1970.56         439.642 660.732         2428.15 
433     25      2049.04         261.802 1055.71         2474.58 
434     25      1963.04         490.762 -0.184445       2421.91 
435     25      2033.21         208.756 1349.74         2347.22 
436     25      1901.03         608.418 -276.036        2487.59 
437     25      2100.51         164.241 1862.84         2448.3  
438     25      1721.18         620.854 -71.3141        2194.74 
439     25      1926.16         465.243 421.493         2324.17 
440     25      1864.4          296.333 793.202         2180.04 
441     25      1945.77         488.158 -242.427        2423.65 
442     25      1893.35         467.63  408.517         2268.76 
443     25      1797.09         593.402 -229.932        2195.21 
444     25      1909.19         288.892 1237.72         2298.82 
445     25      2114.13         164.523 1869.78         2405.63 
446     25      2013.08         405.523 272.478         2463.11 
447     25      2078.73         234.269 1368.45         2371.65 
448     25      1997.07         235.204 1144.62         2373.04 
449     25      1961.25         342.306 543.082         2304.26 
450     25      2027.64         302.214 734.269         2302.86 
451     25      2085.48         151.762 1758.19         2471.82 
452     25      2048.31         203.959 1461.82         2477.83 

